0.8366346318418414 -0.13050663677368324 1.38861164731971 1.2070725314728181 0.32826999398705514 0.23911395690526938
-1.244707209746175 0.2307458975609391 0.9935965169157313 1.2425244458890794 0.07738443709750677 0.7975133814763524
-0.8071280930235244 0.4480050200192506 0.46134700836179204 0.42452047891693195 0.1257605115349223 0.27723180484785226
1.8055641967902334 -0.016119090753006438 0.03791888758913604 -0.2576970944188157 1.5654047119692602 1.1570127076691445
0.6939230253570764 -0.8519625867208179 -0.004481632120243418 0.14355705345413633 2.24662181506363 0.4910522604439409
-0.44229132177596847 0.001761258333989546 0.18551887200107167 -0.3603627606825389 -1.1504838525960523 -0.4483493415950626
0.5070531628215642 0.6491734365408891 0.13308400625150305 -0.08286786431916843 -0.1685495655137488 -0.8772803105466137
-1.9434903030561725 -0.809175060285825 0.4802958072786162 -0.009239643460503544 0.24652126309963268 0.4733124403299661
1.1535258923013034 0.4517931215136068 -1.1646601877732274 -1.398649685220705 1.3057096970689472 -0.020430104407361704
0.5608277988366662 1.3515751812858854 -0.6709003952080476 -0.5377871272500933 -1.1570786450060042 -0.10619570513659393
-0.28255065026406956 1.1480027870344263 -0.7199551903032908 -0.2511362372086956 -0.48047719221459095 -0.12135390138834076
-1.4125062436012972 -0.9153622555059473 0.09289706243595978 -0.6180150259252769 1.172360318879984 0.17792032451354622
0.5662932393395927 -0.18167668941305865 2.2694682031741515 2.1068588769002057 -0.5260493424011683 -0.028757381564789408
0.048206336938385844 0.101469385769089 0.14657706239551638 0.37686136457779307 0.09891352024762284 0.01843395834127832
-0.225721711063246 -1.1122729285095398 -0.5220788664619109 -0.33172543637353313 1.7479383566612363 1.2307048324318821
0.2762764923015498 -0.40943507219598707 1.586031698678936 1.2598775535807214 1.1913313312043212 0.6604397362863672
-0.08398271056043269 -0.32294210218780595 -2.11020669301817 -2.852591117577561 -0.44438651813662366 0.2883265244185541
1.2787218879413016 0.9763746607264198 -0.710459050172331 -0.22366136221483368 1.3202536963565468 0.8155845136891381
0.3266624748256572 0.825995422366008 -0.4597588715540957 1.1952064603506172 0.2116922506364433 -0.16333394981509336
-0.5631479087259111 0.12731711971103798 -0.25097104489808686 -0.8401630464320455 -0.48021223420470077 0.41441906818955426
-0.7556662771087985 -0.2587118836174157 -1.5421175791195911 -1.7319953937511945 0.35246976925855134 0.453238706552829
-0.11476940688655139 0.11914848707992015 1.0861930192510745 0.9004754844065412 1.6593855215394777 1.6517925372365978
-0.6435188981207896 0.2709305257409279 -0.4964596911192869 0.3309932557423356 0.253192465472375 0.329533575966463
-0.05997676865474324 -0.40817448979747 1.4984534117366146 1.4317637891429627 0.7689061112945256 1.1376537123819672
2.0972055055556 2.1133916672124258 -1.651646262739984 -0.679704181516095 -0.8653191351076381 -0.7739171932138411
0.8747671477125252 -0.00040091455431146006 -1.5939937255504504 -1.665289059181024 0.08000978960550922 -0.4578982342441587
-1.2440347477810894 -1.4494353978375383 0.5933887569782929 2.2052638612468085 0.4497255408625849 -0.17947199100256944
-0.3861260658162545 -0.4066209520985072 -0.2625748964612223 0.28067500852571736 -1.5494569127567839 -1.5183326095835121
0.9261934622711028 0.11769374684829637 -1.3012817200578628 0.1536509120567462 0.937124502066332 1.559627878863859
-2.390406175785639 -3.807942323222726 -0.33600623831779536 -0.5675552971282154 1.2687960613431186 1.3180726472386994
-1.150459520463691 -0.3357303533093652 0.9507045587710139 0.9634670015863578 0.8318266120738614 -0.2333506040971257
0.13801212246477568 0.5118659933873057 -3.079909604198947 -1.3650118389287909 0.5713300403651609 1.5228965481698138
0.23014693344540593 1.1714558115533722 -0.2268526150189196 0.6025486423064561 -1.514146515332766 -0.9248271884422076
-0.20614709424990746 -0.237080734931357 -0.47360292580636587 -0.3690268095496785 -0.3760635918586437 -0.26672044108531306
1.701529416062136 1.5115775233715196 -0.27371108061402716 0.04237853646018244 -0.04782770094661805 -0.36294649868995155
-0.07620747195347544 -0.9705300337683781 -0.05270501158111317 -0.42046759836963576 -0.8340521750909952 -0.7988689881187766
0.21717393506668303 0.6632201064817307 0.33641150300744893 0.4405482560436959 1.4613364479317659 0.3046536532972377
1.039374381700966 0.8453976778230314 -0.6339113970275637 -0.4414664135123002 1.0801226613271184 -0.166398272163929
0.22783537169559284 -1.0143654164976528 -2.2286217217086226 -1.8936819038688693 -0.34056242598153247 0.007523205335646488
0.4534415637017065 -0.5056670278258378 1.2370048449431694 1.030014181375844 0.7299574063915627 0.3272691635445678
0.05674159106269981 -0.05135700171974242 -0.1910556316338787 -1.6246100853947012 0.3265649772168102 0.3998042756086757
0.31463235803579653 0.7576645844398828 0.3286204170460041 -0.17424602063488298 -0.445169607757613 -1.2090277856477774
0.8353256042415905 -0.20897331793019602 0.9312543713838808 0.07825883172163917 1.0541449895695227 1.3234333469519366
-0.5167241998504155 -0.15071860237850182 0.5363141982718783 0.0927984912700291 0.4991875261815247 1.165010781658926
-0.0979104801255894 0.8408709948088404 -2.3668491126839637 -1.2617626062808105 -0.20593379383543559 0.24996059611458266
-2.0954974910575075 -2.364841294162604 1.6013182687448997 1.4634498529860316 1.9538458275545334 3.0193415347385075
-0.18552900167804712 -0.6260363554749274 -0.4993906593496766 -0.2665860779057325 -2.026263126409752 -1.4732370549087614
0.022491765907451246 -0.3093163765685256 0.6206584380670161 1.3104054909350396 1.074091785486192 1.2012773347414862
-0.9698062963201723 -2.0210423917533316 0.037717557708954096 -0.32280439671883776 -0.2869298885990339 0.011981760747294984
-1.9095506065906307 -2.035869580485122 -2.509431121967519 -1.6844228603100246 -0.5095638691815378 -0.3380401201747996
-0.20241424089993612 0.6073938391354791 1.0380568060382298 0.7038986506632723 -0.112515664022152 -0.5121207933816285
0.9095422948923243 0.5461181664920849 -1.4066823597104559 -1.368741718027958 -1.073577122320057 0.14062133777606867
0.7550880661533337 0.07329120556427066 -0.5102626733024391 -0.05660516237654317 0.5897529128952478 0.6351118081982515
0.2610214278232522 0.0643847014762606 -0.044368164418004445 0.5635277410587752 -1.2942188420625893 -0.895371204423692
-2.082084068942754 -1.5432353654203224 0.3331796299662119 0.3587276482092771 0.6158701635407356 0.5432840410498526
1.3778459662637466 0.416413154705503 -0.6387101142039733 -0.9245166969061751 -0.2538206323936511 -0.7442633752708139
-1.1233044423581067 -1.198315521427609 -0.1473782745620543 -0.6335491610290485 1.776837873702789 0.6670020321230488
0.22346138479722907 -0.2930697410626365 1.129455983100692 -0.08872164829463847 0.4483860855171608 -0.7443159435105972
1.2567644118048655 0.2438224294195337 0.10229430666909871 -0.6081997018046298 0.04977640100067992 -0.1625803228220751
-0.35411363752590885 0.48416710638726534 0.15681219551028003 0.5733156167182195 -0.8352907702483292 0.7015221903342711
0.9153121864418886 0.09382308591346744 0.7983747759559205 -0.049199436463965074 1.5674133992699624 1.0097075588076174
0.9236161963036482 0.04270730845195014 0.5664947413675151 0.036252085145552726 0.04997224589570463 -0.6554774853621463
0.22510442926520854 0.806188984031628 -0.4727002148061095 -0.6351942732399984 -1.436368032272651 -1.0697982772665828
0.10572394927122092 0.9736809755180396 0.619104620170857 0.03705868311040361 0.7574952514624171 0.29689808179825655
0.545102084175646 0.41484038724506567 0.7569639995448886 0.5682109813729898 -2.023608067773633 -2.6281855027966605
0.6045953782378645 0.6676693317732763 0.6884906406345914 1.6419266006797617 1.10835304771828 0.9841749008883814
-0.06726599969368023 -1.109803316400743 1.7510382192344482 1.441395894981312 0.4758878280659903 1.367588498901707
-0.4576711193824072 0.8228430846913328 1.2165021740538662 1.9454629053973265 0.4553788686579588 0.11830011750158934
-1.3129125623560975 -1.725768668341552 -0.16818591038994618 -0.5484298780015223 -0.2692087915134751 -0.3182895183255011
-1.3315816983186135 -0.6428065252808307 -0.634165092423222 -1.1306796537135928 -1.6592019855282858 -1.288434704513879
0.6853897773952714 0.9787023862755054 -0.3357173809763716 -0.6981703487282129 0.16524063519033333 -0.1373568641170037
0.6976787956678376 -0.6140725817086702 0.4516023668904977 -0.529458401244679 -0.1673078401776445 0.3898747885453702
0.8551649766547657 1.0076429461087608 0.11329723123502462 -1.6921682820170054 1.6999676570581859 1.7981491911801708
0.16519811116067531 -0.046877189091217575 0.5475430296445803 1.3433301141405547 -0.2072797218252715 0.6204323672670831
2.3669975505941103 2.6078097012788333 -1.5250936427317776 -0.48726998195186555 0.8629830865396242 0.4150677627890148
1.3164027021413776 0.3587910792860599 1.5769515247607884 1.328424173355069 0.7378288198499319 0.5445073362817833
-0.23706221163533422 0.7987197290541805 0.18953341623230952 0.921679901699763 -1.3623479197875612 0.4034491580408719
-0.08953929055489192 0.019301070290028532 -2.539771342171438 -2.3160500708754053 -0.6598091152910173 -1.7550341703366974
-1.404390101429212 -0.7073494332008432 0.8311483212990929 2.1359033904402955 -1.0188081743410624 -1.4630321048226858
1.6850869496883196 1.230731174558208 -0.3643128282935416 -1.6385225648947446 1.4831273842920587 1.4572916481645775
0.10181702973423121 -0.7116680361284877 -0.5548374342890495 -1.1763720114824125 -0.3652865147292829 0.3451528879439371
0.955708450181429 -0.3121470792312687 -0.13447025113260222 0.20100190148505692 -0.9214519447560493 -0.1437973351049151
0.15277199292609747 -0.9906224739043766 1.014645327119706 1.5851292900035538 0.5429384912134103 0.6932685008399477
0.5667286678651767 0.42466646455366985 0.44164094962813694 0.822813136944333 -0.6029553176242547 -0.9713094462959505
-1.7329769782102589 -1.9889445247220339 0.28568441326099836 -0.07965942726914793 1.3454331877000796 1.8159332138387585
-0.1924650877172235 0.6532091787434 -1.2643743552357085 -1.557744818845743 0.5825267030355549 1.809142839880809
-0.27092405646400824 -0.9880374890045397 1.9875307835799418 1.237594843982558 -0.8214436863429894 -0.07638973728062992
-0.8536822578276518 -0.8691110063476255 0.20344430813599412 -0.002311289903887126 -0.6354786459766097 0.15089285949006054
-1.1188174452607904 -1.4259274571672265 0.5745589508211545 0.1699822008004308 -1.673390261424227 -2.4816887840244886
1.0187844440077307 0.9825596115156336 1.261780287444499 0.6702876070925087 -0.5229728943792832 0.9131142374807275
-0.5897473983564503 0.3191019372293588 -0.27196304486382816 0.6675157482893626 0.16994227467783315 0.906213611250978
0.6380580834301897 0.8582344741294075 -0.9227822621491778 -0.9422050382208622 -0.8398319932816466 0.5738461364519488
-1.5589170186201293 -0.45841394235959354 0.24606950680393633 -0.7714942970798783 0.15834357042674957 -0.8044805085237593
0.9234772102227654 1.3173756766521585 -0.2573235627963132 0.6535865565105757 0.08847937809507529 -0.7960354602916815
-0.5637983358338967 -0.8041001439050768 -1.5553888051875318 -1.379469700356995 -2.1435583260990465 -0.9676645392722176
-0.5704764896791475 0.4415590691196718 0.6925823105517224 0.620662561111157 0.7412446627742428 2.477605342701705
-0.46117731581045923 -0.2208676354679268 1.2995711635347622 1.5359206514184272 -1.0156553520435245 -1.8249419077290248
0.8164917986700143 0.31507738824750814 0.5008567489974168 1.1256214869104815 -0.8918016590663017 -0.1936905905054533
-2.1012056154608367 -2.0207077189867246 -0.7286453431618718 -0.7199132633284726 0.6966470547481913 0.9810901453603784
0.3592872778558861 0.34344333954380035 -0.4692649313039809 -0.8290056820147177 -0.30089452511992365 0.1511025237306722
-0.6070592526350761 -1.4007998116829041 -0.598237863891282 0.5632075880439749 0.8439975010518974 1.150647437735196
-2.3470673987714012 -1.6863136473081628 1.6544702165622935 1.062197510534155 -0.23373620580355084 0.19419316256785887
-1.279189519220653 -0.7441061457265639 -0.22891702758207583 -1.013903514522447 1.2712003301012345 1.2416279728222104
-1.4024908684392128 -1.4915416000910535 1.0298744500151362 1.3147495910277676 -0.07612650528958638 -0.03997726682142555
1.1722814706935785 1.5088542086766263 -1.8606507937674912 -1.1193027192010996 -1.7674562880879845 -2.0961588985023196
-0.14188372656545395 -0.8708015499990441 0.7322411456356738 1.157588683529199 -1.4638346055672737 0.33268199096215856
-1.4583850848241016 -1.1798448060229578 0.7429788570807228 0.036702685409913505 -0.23387764458677712 -0.871307414475985
-1.200436826977872 -1.3998438394405568 -0.6471970427764256 0.06741432068375497 0.6084166211054073 0.907914361731632
2.2523027418817843 2.282270107788764 1.22095079996463 1.5291411525298049 -1.1684519044372235 -1.577893262390499
-0.38309475818015176 -0.19082470469706694 1.249336155107409 0.8298590862306415 -0.09089515202590981 0.4271576798083743
-0.6841612532432743 -0.019386058929895034 -1.046267927799222 0.14138718972580566 -2.4055130373500115 -2.0181606256398643
-0.9112355998775373 -1.1161516956445583 -0.348547584724652 -0.5009437143804725 -1.1904200704082974 -0.41367214684656045
2.269570327819208 1.052495185157826 -1.1916236815360988 -0.6456929706379294 -0.05778696895729266 -0.38036589756931977
-0.9986295953033641 -0.9637864063218862 0.40987830741225 -0.011431250986843833 -0.3727351512395387 -0.15269223356872041
1.4563181217620906 0.80868888080435 0.22855587358889046 -0.9552942185688349 0.6376690511802265 1.9880399998246507
0.37555640927450074 1.5651578251074598 -0.7501523258795769 0.04345640057567823 -0.6867761977049467 -1.4397300009327878
-1.8871378124341127 -0.7708574446137796 0.7156191588827521 0.8936613380476184 1.432651724333314 1.6934548646468621
0.4085952830289896 -0.560943433898822 0.16628998159013825 0.032899595211801136 1.1531047094147275 1.3340897788962642
-0.29423018774283366 -0.5771412360768661 0.008805359095546444 -0.7130915431577413 -0.5513743891210268 -0.84865731589407
-0.5691143256275542 -1.4583773151069763 1.0824494228202362 0.41804410909559514 0.6292599910703719 -0.10237911106576536
0.3123101662815777 -0.13009219850113546 -0.23553588150119786 -0.1586380199510627 0.5822174544130319 1.2906930938317234
-0.2440610131364781 0.2164960139733965 -0.007996729003835608 -0.08642012347194418 0.8246381379682713 -0.024230853833967836
1.3149693469575208 0.22954023400468337 -0.9799627215158944 -0.6391088561755836 -0.0860264007152316 -0.29305907577489504
0.30310826912806554 0.3922578926144124 0.561167201122259 0.5364864707620518 -0.10696126767529333 -0.8347004444116116
-0.3749222157283817 -0.5520756823475204 -1.6814811813602208 -1.0677702048143063 0.40789460703830077 0.8437680197256141
0.4501808623791798 -0.19427713102285737 1.3657621370759818 1.8228636511765393 -0.11037315270826428 -0.6761709176451709
-0.7975236156796415 -1.0443498460558858 -2.4339211714054647 -2.1515357383799856 0.5634897374803856 0.7825570888749832
1.4180911550444444 0.28450922157788994 0.3346888075738857 0.785340332810903 -0.3690563306405724 -0.4542007254209479
0.17432848026848127 -0.25235689317445986 -0.28393799255159785 -0.5907604987160138 0.23282667156906015 0.19599828514723017
-0.5480561934875419 0.16145244614451026 -1.3552769553738235 -0.3741896733482525 -1.3918528347837356 -2.1652332604882334
1.331295287421377 1.7126696573020432 -0.03753578373101654 1.3231676132101484 -0.55740924659557 -0.8710630037930644
0.22241348458761787 0.4001459529538009 1.2363458314645799 0.8875499214976684 1.077834996502803 0.2373855859221622
1.7675666137767727 -0.003170134496224275 0.8235257798746999 -0.08012335444405172 -2.6274182973913907 -1.687464956102149
0.3239912141281576 -1.1420832785539923 -0.007731793302835214 -1.2375850194536109 -2.2176232236511884 -1.4871163102110927
-1.1096589844225202 -0.810272000495504 2.821307835541581 1.7422298608159448 0.6914669088698077 0.616174230238259
0.847649561873441 0.3712468026498583 1.132638928298031 0.6652265051167718 1.3401103443147104 1.4105097813672334
1.480023069961968 1.254557082013346 1.6609563881371472 1.1743325450805395 -0.49217090699013555 0.24067909623340833
-1.4936229007761697 -1.7893625370567272 -0.04412345323964842 0.3688267292692419 0.25696976511156466 1.1970105003747835
0.950750291878686 0.5315587569020288 1.0685379050456487 1.3115924794261686 0.6200363173050445 -0.08375527197127225
1.841549113710477 1.3167998113549013 1.2139040325080162 1.0780647622444213 0.9469826135752588 -0.7258388319434242
0.00746750498130706 0.24400697202965815 1.7989775270826656 0.9231407696361971 1.0038165944910786 0.43615512610474044
-1.3889655823830303 -2.074656564045876 0.7692320757937635 1.0621951756299994 -0.777755301731091 -0.25015256605590347
-0.2122025702537377 0.2873086861943695 -0.8536626664866374 -0.06287822223676698 -0.8836576390141755 -0.3476014640058342
-1.6394344088401898 -1.5486234860743924 -1.4560856024397568 -2.0436113449635176 1.2409523505401505 1.2622992194089238
0.3103598451589209 0.764363042057028 0.7176189526574144 1.239985627093098 0.11649093225474345 -0.9495820177874772
-1.396267312136493 -0.08176936150788161 -1.6506189314219333 -0.5342957356541617 0.2483985455952913 0.6805707944168196
-0.1853220668413718 -0.10857817158891922 1.221298969954155 0.5332186619421561 0.22359447641548214 0.8770271497094685
-0.37429074445161753 -0.9732107864132411 0.3198727096379593 -0.392431564197471 -0.1268997243501393 -1.1911189960658373
0.40167516841291734 -0.8830874931032329 0.9993433903389615 1.3315501302276869 1.4118951648949671 0.8749635967075987
2.202784052999891 2.65628923301712 0.4878827401745744 0.29039947992543963 -0.49886267785059163 0.2094314925168987
1.5940663860751056 1.1079421154061548 0.42837851751159955 1.2006340464795069 0.21978376894251186 0.22097004005562412
0.27245951753353215 1.3038328874363236 0.6633046294646897 -0.07783026432114615 1.5749349753150161 0.43636765443383896
2.177614461060141 1.56265563040229 -0.18183062914715922 -1.0077505579497272 -0.5405902232762222 -1.5903156783125474
1.045738743299314 0.5059445181833464 2.1906072009815043 1.3578515437795777 0.36982306339000065 0.378280745268922
0.14015506897577656 -0.32745425974512865 -1.8540432144659804 -1.1254521569649132 1.0768384887305862 0.09192788934151441
-0.845916781820559 -0.5883621843828415 -1.1401516512743437 -1.1954499966454395 0.7545292504852938 0.25664584315630395
-0.6832148144321996 -0.531394761162281 -1.3622919717027175 -1.2885220138314046 0.29113094836299536 0.5323162314063961
0.5387496640577413 0.2677750216704913 0.15789785240349144 0.1555883132694152 -0.6973801207337385 -1.0814412511400662
2.2911047737052193 0.9840119938415495 -1.0365439205762295 0.13663912098090913 1.111886197787138 0.742669588498991
-0.5983760132698296 0.9160523235328198 0.9789669295541138 0.4230598075921165 1.267645783123191 1.302192728816578
1.2315568365974647 0.8224356168890972 -0.45244689692456486 -0.20901238951205328 1.24760267192697 1.3691330152421217
0.8316840031223665 1.0228833143574254 -1.909724622589726 -1.016468315506872 0.5697130984944093 0.5918843029944205
-0.4451454657082264 0.07804165558166182 0.8835461359510691 0.79472025288438 1.7759765296046488 2.034421600084297
-1.4413012071207163 -2.2733897478646896 2.0972606816075676 1.7644965007979265 -0.5461327987629498 -0.7986277011871903
-1.3002213322762932 -1.6105569059868938 1.3012491178455596 1.1288723364290767 -2.5770162434886803 -2.019340817279288
1.7474541118826057 0.6746760878386827 0.8733106046018707 1.2910333095186393 1.1231017627166546 0.49776111872689477
1.540348897633306 0.42662974862538194 0.24103781762508508 0.5524174840570757 0.7437374479647219 1.008909375049298
-1.1911847736640115 -1.118364065523504 -0.31324423846360705 -0.16697506879362595 -0.061087863153992436 0.2833652899513607
0.44151321033403496 0.9118059889141358 -1.6127148538269553 -3.0381924370336213 1.9202187923057548 1.628082750789034
-0.7425839764108051 -1.4755349875575379 0.4186373582902772 -1.1133826119524501 0.7110400322848408 0.54515727055818
-1.3490075811445341 -1.3453245023949223 0.7064978647656379 1.2027513087591584 -0.3050156522897464 -0.9566433728840973
0.4606127229049623 1.0138642383589234 -0.04301693759943469 -0.25991123535950494 -0.2543956103996003 -0.2641358422186173
0.2003808675760759 0.7880052751429829 -0.3495908883077988 0.2383783033923763 -1.9205484974787843 -0.12309839687679935
-0.7457583330992407 -0.5246891412390174 -0.08007723545376288 0.6340831129884138 -0.149787716776638 -1.321072463303934
0.8830249198294499 -0.4526831776444936 0.08850080053779309 -0.5122946768423885 -1.6698675114342987 -0.5479932905790106
0.210241227017584 -0.39070567726292804 -0.4179451532297388 -0.6931990477114092 0.21162887264853214 0.3688237814975654
-0.11875701975847516 0.3076070896239554 -0.4988205067642286 -0.5306574670546601 1.000803222190214 1.01988349312983
0.2707078984954074 0.17223678548653232 0.4082438290172435 -0.41709488453180615 1.6439824389961621 1.3421697224674165
0.7385358157647818 -0.7871774188378101 -0.09026537150047549 -0.30719115715159573 -1.490042991057633 -1.1984549391587032
1.1798656860014438 0.5877206229075873 -0.4000110010635102 -1.295256895100469 0.48381653847843886 0.270000502253929
1.1268891549765556 -0.004652185592770031 -1.0039153596004966 0.018601270086567978 -1.1081932729317903 -1.8146056419391021
0.8184217178266621 1.0573443630089534 1.617815778103887 1.556671692991968 -0.013727922055388569 -0.6015519682133619
-0.19228890143928332 0.9623112772128402 0.12634694321100087 -0.03575146220653193 -1.4484997484567037 -1.2755871913124235
-0.41146792545995964 -1.3101726320809992 -0.3683431902637045 -0.143161754350706 0.20218538752437135 -0.27216103657494506
0.2715107693512791 0.03494161209473698 -1.2845841831140306 -1.5317777055278428 -0.05801702847785069 0.29314756160525235
1.1870694375153514 0.3790259796657699 -0.46146254779278073 -1.8138415124282055 -0.0007967244426264084 0.36301133159913
-1.0490123908015578 -1.270450281996319 0.3478942029848318 0.6942877427667182 0.10249986560955013 -0.07347948836460974
-1.0583237317667864 -0.6296384713770597 0.26639919293345965 0.47962353466485885 1.847323092015058 2.105116458833081
-0.34628700641128946 -0.010342766074732612 1.1259214031788225 0.0643332461617796 0.09113937333950899 0.17480565941410067
-1.2598202258853186 -1.628741195439742 0.8785288307842394 1.0176833686195186 -0.2585433808518778 -0.06226576276773493
0.23070438313945413 0.7480166140678999 0.10409521881730337 -0.4618312331082049 -0.36374077366467716 -1.077301651381891
-0.6482249068884227 -0.9037730844886313 -0.32158853117420405 -0.13410234945438415 0.9749601466023488 -0.3503272192949699
0.33537969084291186 0.37639715025439957 0.36528791717540277 0.8037076829405692 -1.453475507654996 -1.1435652572946111
0.3731019894771255 0.976910511961556 -0.8050465052268687 -0.0800138605527766 -1.5722173900665903 -0.8549822408844532
0.991470832928951 1.0704986245225852 0.42873378031713805 -1.5353579123177183 1.0281689639433669 0.634767571107751
-0.7646591425500435 -0.777753005792207 1.2351534865152327 0.4386575832223298 1.2697218347375154 0.9927001439594038
-0.20086280195633602 -0.19310890795094043 0.7559879490136765 0.9984244451626756 -0.004607562744336347 0.15495853530335824
-0.47084103787994225 0.17632590534728587 -0.2119040470759865 0.27603341023777916 -0.834154708154091 -1.1405130642539727
0.2407560701958287 0.7346526688242023 -1.1825533667209815 -0.7977265394387135 0.5663676772310681 -0.31581542463348933
-0.5850969557651666 -1.6794697211036127 1.597887971436613 1.604566006518737 -0.4284634660273503 -1.4830573149292263
0.5681795282307418 -0.40361268807516676 0.9430252076844311 -0.4705397716632541 0.2906552591013096 0.25431576165427194
-0.6613678144346314 0.016196340814293553 0.7091795904406972 -0.16198915322656604 0.4232259907838755 0.14334450609605723
-0.8753890601925959 -0.029360354133998845 0.18566124377146875 -0.44766973434543333 -1.0655671861213143 -0.600251311394344
0.2054657605968527 -0.8820820791200326 1.5706340588546681 1.7936880386617011 0.14213416831173267 0.13007829666644222
-1.6920818892686178 -0.8700459747230549 -0.5643541092597069 -0.3077744783908528 -0.015397434839042884 -1.1104963332268056
-0.8742249461987295 -0.8239729048251376 -3.066762907684004 -2.7431381401369053 1.4245316292512884 1.6620709344945883
1.5842582631292743 0.28077958854771723 0.9206596840742963 -0.17547765154693884 -0.176659771933252 0.5540054292459708
-1.065880091905274 -0.6137172102740065 -1.4256957511843122 -1.9934445110627563 1.753903363223435 1.2830794611890246
1.0004724293647496 1.018312248959666 1.6268847452982536 0.3959022219108864 0.5297023106972619 0.8809744643467914
0.1108561998129576 0.16150817123379718 -0.18870118857238039 -0.9584749591889247 -0.92600958423643 0.2830791358569986
1.1421326998606094 1.4483684965519736 -0.29089443343740046 -0.5198022474551519 -0.19697673307542785 -0.11818382849568287
-1.611028723786008 -0.10573911788788992 -0.41642372537108313 -1.4240265933233114 -0.03954603551097499 -1.0227716645488347
0.18434907577684712 0.680419651877179 0.6115394115962782 -0.006046262252419499 0.9406861400600064 1.5261280693339965
-0.6670870541713712 -0.25024829155338735 -0.30888074212658606 -0.13698963261813593 0.16967907788668044 -0.2186529819766831
1.154972476842891 2.1917369768314865 0.12674521224803367 0.3003448309291218 0.9545047589510233 1.3171998871495516
-0.3229205703116715 -0.6775216770884261 0.5436370786688209 0.683927895330744 1.6516284439934172 0.29155861776582426
0.8232057811757176 0.8855191768777557 -0.7014341514086067 -0.9232898009902435 0.3242639742500991 0.4759918192668635
0.38102169506017197 -0.33827819064709597 1.7261908932884882 0.8794011382206817 -1.6927782894694763 -1.1521447162483747
0.2708715495203428 0.7442119849253547 -0.23961536607791198 -0.17618853720806404 -0.508604076843836 -0.6892829049855402
0.5908898723171637 -0.8445963810668486 2.342680948508441 2.1382533729665205 -2.4445694962158577 -1.4444235160245653
-0.7530959967489166 0.2739204497349943 0.2739367587088876 0.19433000020885577 0.3213732025654397 -0.5267115352868315
0.04034840977172795 -0.6436453086273066 -0.48531781659918166 -1.0781983876404297 -0.6958789215374648 -0.8014484897544567
0.9586867484557019 1.1023545776553356 0.5495802744503754 0.8083890773208668 0.8419072240898171 1.2751197200254585
-0.7530739710755878 -0.2618984911571119 1.2948173176000553 2.0492039244335687 -0.43485948020082094 0.19988368070523133
-0.8375786704652661 -0.8552382751916618 0.49513221493588766 1.4825393903872566 0.8052863982369596 1.1480212592431207
1.3449270662737365 1.0050287172450592 -1.5692934836550971 -1.0223363726833932 0.13807638873265238 -0.497442954428224
0.07385348422910229 0.3406556888380356 1.331852608717593 1.401250209765461 -0.1299289178944682 0.1638342883787211
0.4608676372145982 0.7886637769605679 0.7608409294096453 1.5770351588349873 -0.33150956357562017 0.05484972307518543
-0.1333563178121459 -0.43807542014077094 0.5324485883011844 -1.201692363539121 0.6590156824462864 0.5873884793113605
0.479781894114591 -0.09699156805797265 0.5204429244351638 1.1580131521466552 0.6240378320460612 -0.3075720973773076
-0.02544316927292283 0.18033955081631403 0.37271323086561164 -0.09112965527550321 -1.3908149270056684 -1.1071210309723578
0.29482632201388853 1.7460913052259643 -0.19277478845740553 -0.20041508286834103 -0.11811245637490506 1.4253105211768327
0.09724557988157946 2.2181493620922037 -1.1651729833593731 0.1836998128253854 0.17876772379780073 -0.1646386273393862
0.9666245946566505 1.6725581170838728 0.03359482803737745 0.480513309884243 0.14692898867613063 0.39648972294846846
-0.6810020064733694 -0.9709369106080911 0.22699599758813652 -1.1775825351859541 -0.3003429217812129 0.1326950023227569
-0.03126440794830984 -0.2503551031939007 -1.8362699508824982 -1.8198170991970375 -0.6133140054768452 -0.29880450902513456
-0.2569306477744573 0.11108591659096373 -0.5905076229596914 -1.6903331161170825 -0.6752990760889459 -2.0975463021679355
-1.3897604112181496 -1.1516450119620345 -0.19143170645012422 0.12774234351976377 0.34819904544782027 0.01949835912198611
0.049837701782979596 -0.8970833850696026 -0.6007551327921578 -1.85491671200106 0.5823870708350243 0.6500119920886015
0.8686807350068126 0.27202346038681474 -0.5138698132375821 0.2847843282408327 0.46198233251358306 1.700064745065595
-0.6370395449789515 -0.370371102734783 0.8844895253196143 0.9895265179485015 -1.8094281934982135 -1.8158021466895515
-0.39432190269542744 0.7482647851792636 0.2834347234867878 -0.29094278339315877 -0.3243320482953574 0.41037420919710244
0.6539175123796552 0.8946561046836181 0.5212446741449493 -0.029679498581657526 0.5750482198368142 1.5077239756558298
2.144021075473038 1.4227834148603669 0.14353432327215296 -0.1686806451693844 -2.865354495066042 -1.3804208695015112
0.24705123247310756 0.1664769670784903 -1.013965559266658 -0.5931958185067743 -0.6875633341428795 1.1505701590935475
-0.6059404947678532 -1.3797953109291599 0.9906456580052078 0.9470406940142303 0.45221985590800684 0.07959366811114887
-0.011252462922752237 0.11594585287497175 1.7447413668428446 1.5647257231373577 0.6105017497385536 0.48337147139691083
0.9141098910116354 0.4946712791854394 0.5459757457281119 1.3010913086457805 -0.054973632284090614 -0.08458285011085136
0.4865539203449396 0.6917004572625793 0.3687159961094575 -0.1997756961257145 0.8183979357255026 -0.4050610425090312
-0.9713364784137246 -0.6147959316255723 -0.9455720107485566 0.2674232728096708 -0.6042180812999746 -0.20894598972885237
0.725169546957786 0.5042641857092255 0.09737014763534152 0.44383009182371724 0.3004592807320752 -0.6801102762037339
-0.8639989918414788 -0.10969456120154619 0.3099976033255636 0.07948435615038923 -0.8247340102394035 -0.4865931310883549
0.14710509986289447 0.07860417840283064 0.45701978775859764 -1.2499902581699565 -0.8052220172924979 -0.49821562686371446
-1.5581649192760392 -1.246774275205814 0.3903587741024655 1.4255996388501462 -0.7123802596053129 -0.4398768459145674
-0.748726190397187 -0.7600598571527147 0.725871821133673 0.7556914614732724 -1.0470173371529665 -2.0312783031503745
0.26611957881555 -0.07282727686547052 1.155244518270264 0.8168302721864164 1.0238333316240011 0.2353312047891285
0.27343408166500893 0.60431424756208 -2.855954322300593 -2.07231512964884 -0.4177283803084402 -0.1647537089630388
0.057763981404011684 1.183853274285815 -0.23992455842423172 -1.617003510402622 0.896039427627686 0.36024874375018984
-1.437924457094779 -0.9654585609790173 0.6699829283473394 -0.06596710159580543 -1.5452364023448542 -1.9004346132290282
-0.30975641663653397 -0.9193905938203869 0.5118848834646111 0.6170882760184407 -0.8845740566028408 0.022127642605504372
0.8772979785236171 0.8335807252647341 -0.29829849424671645 0.3668945898475165 1.6339114795046576 1.610373776814365
0.28803129783794845 0.5652637941044459 0.9459282811993722 1.270116993807132 1.6470193102368573 1.2739615365150008
0.9158318850800687 0.1414824778278434 0.42002467959129436 0.2593064031088055 0.23707151364016255 0.07672523264549025
0.21165769372305332 0.23326370830958382 -0.5969097632123032 -0.1740816830812354 -1.7492067570660739 -2.5550754200597146
-1.5497343027419526 -0.7726912685800393 -0.4523991166051749 0.18196749547374091 0.4475420192126672 0.5273330053251191
-0.3421649774114727 0.2748379716774608 -1.1628283948589835 -1.5977970173083929 1.1198463621287296 1.2098141013018286
-1.1484562845475312 -0.35878841769047576 -1.5004840256567098 -1.0543434373945755 1.9567967476651864 0.6019049285262755
3.7423835606539284 2.4668485634099047 0.8616250429026746 0.8438141745477501 -0.9822298042256792 -1.3499342134349614
-1.301398905050837 -0.9291623971231096 0.8102758318536301 -0.039367427854019366 0.991841648179005 -0.41314834475761053
-0.7110654924248124 -0.9314762779285047 2.6835220126544543 1.879601526546139 -0.5113056986287278 -1.6404721912632967
-0.12597163823556384 -0.030120034159696454 -1.1444904369093472 -0.6762763228000466 -0.635241957932743 -1.0393923069555342
0.11138824489474113 0.07454751851408147 0.7274797858377509 0.24139162919192408 2.738639690987572 1.8099972468851822
-0.4808202264837039 -1.0026087129767327 0.7863419884195303 1.0071173250334369 1.5223202482787241 0.5065830865915555
0.4927189160662546 0.9456521963423195 -1.0657747924252425 -0.09109800195752982 -0.9900386305591682 -0.8817160366599304
0.7090905960320074 0.8702773977058631 0.4731115837665662 -0.6319280296491587 -0.019156457884049488 0.39019930975868966
-0.012953778195254752 0.09821063373960018 0.4399264458708636 0.2934478500714919 0.8250642298149005 0.5722517907790275
0.9785385381700819 1.4541457263846715 -0.8174721666130617 -0.5730287050506107 -0.06951477394422527 0.03040419259838667
-0.18458355834665197 -1.3261918824535281 0.24215280229096914 -0.6044250718627305 -0.6568777803840228 -0.7935674311927965
2.287946241885394 1.7170523804870725 -0.17831012804042065 -0.35868767750333913 -1.0631926197840904 -0.3951563236063569
1.0635948846391026 0.15685556460556738 -0.06326406906979241 0.2004895921657121 0.8019217009446018 0.5639352878497116
0.2470084151928515 0.08018407347353147 -1.1059534422984443 -1.336472809475495 0.9290307923159242 0.9906571628376379
-2.4494388468962 -2.1344657550624317 0.06566233774510515 -0.6431450553671861 0.6249980292592364 0.20038354971069394
-0.5022866372414022 -0.15904530119076382 2.372978496638183 0.9002671568018719 -0.26917065361771425 -1.3392794027640595
0.08233113985179775 0.7051870214040579 0.30161295876341687 0.5896607982949151 -1.1484154488929623 -1.0608419932335023
-0.6365838600303089 -0.5148773681782657 -0.1403240927447834 -0.587333622223852 -0.9956092620802516 -1.0100646548629446
-0.8523060280798913 -0.09456553011157287 0.14619055135286774 -0.7624069098659504 0.010859415558982706 -0.8154799110375174
-0.43733641076480984 0.7756164205819525 -0.5498626152652055 0.4619432365681655 1.2959336184429584 2.3368583986148668
-0.9274313393846916 -0.06196087324841104 0.8169607079739439 0.14792806975806655 -2.120806611053524 -1.729788833823253
1.9915395686348831 1.881155579094111 -1.206609973181751 -0.9906647172201493 0.6671940920710299 1.0378354347814893
-1.0376619437056909 -0.06946867934531242 -1.0613671232340895 -1.0896373112650044 0.8350725105993269 1.5431438629473204
-1.050088658206112 -1.1648067729753653 -0.030783858862429275 0.34324547033399505 1.7583289522756214 1.005724783473228
-0.3078377105271474 -0.18912650407215936 0.6513129303684361 0.5786335863964277 1.2260831227516837 0.6652826427766502
-1.0723226669385513 -1.638128280632273 0.6416264262394705 0.46266947882859405 -0.1498674895142822 0.7505226929143871
-0.5859980776021213 0.20429516245259183 -1.2323860569108709 -1.5297951271303616 0.325016695375116 0.4633272015063669
-1.0974130516141778 -2.5674389346001307 0.33530131284911097 -0.1759588110000247 -0.7340038565868684 0.5827071276142645
0.0690583292921582 0.3816493741057773 0.7224581193400418 0.3608869599539115 0.7479448492450247 0.7705927821844707
-0.3533210871963894 -0.11402694318267809 -1.2540788139711312 1.4040410623734438 -1.0886304645165485 -1.7934574668845518
0.7476996986421214 0.6261740013513242 0.2504692191660947 0.7650893306111338 0.4761602769817799 0.31660732719364665
0.3405719919120365 0.13713423564870725 -0.8636657625717348 0.20539908170228827 -0.9720090205383627 -0.6723952959273456
0.4552133267994676 0.9854553894101262 -1.124268947733055 0.4227738783672742 -1.5609900502083969 -1.4064917928092708
-0.09732119945401295 0.15682455070585916 -0.9695811011805184 0.6984128335158056 -0.8539671069312869 -1.7924456573842555
1.5878238021709412 1.460067441929999 0.7345513501750573 0.5079451307199888 -1.4450997366324418 -1.7801226966024202
0.03675317648427715 -0.16259436939125396 -0.033320470051805426 -1.243889564027287 -1.7504695685811729 -1.3705544052797942
1.838548846006161 1.7782719271462168 -0.0693615581892282 -0.4071392990024942 1.4468025059141665 0.7188296409046655
0.5025289565355588 -0.3699152743413123 0.686637921049033 0.3299044064803046 0.5772151415144317 1.277774298942804
-0.2479062935176525 1.145825444486798 0.6429913340264116 0.5433224671073167 -1.2319038445759771 -1.4057280654284663
0.6776108597509619 0.6278296419555272 -0.6692510165122053 -0.7155734751338971 -1.2178372099468895 -0.6096176765021056
0.9003618036616086 1.256718274801274 -0.5902624289753027 0.2098097550868489 0.9730732213827679 0.627381165553351
0.09449705197196549 0.10203844724741941 -1.2816289571289734 -0.41396922062814456 -1.3295762101640283 -1.7424733302127136
-0.7071262388666409 -1.0264834321190233 0.657366752665194 -0.05360965338084711 -0.28450756970549956 -1.1258121901749916
1.1854708650771741 0.6776665971315057 1.3381566706212582 1.557996071488911 0.5750914363746661 0.13493149858099657
-1.668136859332557 -1.7563796822415 -1.2638285647012126 -1.4976794072296034 0.24424422174818308 -1.3759299571182502
-0.2845737612991019 0.2748551046971226 -1.4102887810577747 -1.0294049704729034 -1.8379050824994272 -1.189525061590927
1.4648042087534952 0.8228762389956086 -0.7164613908786414 -0.5715058639929665 0.8444367470877685 0.8865391450848317
0.6025875603565427 0.755872496622878 -0.6027253038328286 0.03402748644717607 -1.9840781897920672 -2.6440467137630734
1.125149273641755 0.8663541608167938 -1.330080346308781 -1.8009927238564574 0.3141498062437707 0.5120950182832709
0.03640611338821575 0.9475348758528429 1.1537798614933956 1.3568664427683101 -1.0111101391930883 -1.2354399541465197
-1.3071555078658488 0.401840053763016 0.8550704179895404 -0.35082925324932035 0.1326947314600614 0.37729180712258137
1.0118260810378366 0.46942301585202834 0.11069845796508541 0.5974016898079649 -1.167630250871215 -0.13629249625816275
0.0702699887077554 -0.862807487372637 -1.5387944055014453 -0.21067065491070125 0.6571789382820098 1.0602236962726148
1.1384727847628555 0.9087960604779464 0.33630401126190923 1.1988634301788452 1.3579308144163997 1.7712587167027158
-0.2093915606467174 0.45334625883420754 -0.32349240438242016 0.06324185345172095 -2.4877802115404366 -1.7275321516816375
-0.21687896886271704 0.6393776727766353 -0.21057327259399988 1.1952881929759973 -0.3125839460961146 -0.35189300967984916
0.9225944828808947 0.9367268021531847 0.4646259633514632 1.0845893646944562 1.595123563339727 0.49231820373130997
-1.6862995574581698 -2.226437563958079 -0.9780318332929006 -0.38888109378867236 0.12003036731843963 0.6585497122539901
0.13326287949499688 0.5004194335943294 0.08838282445196936 1.1100780397225887 0.17631174328921073 0.6838085374242944
-0.9110209042796389 -0.9204133689627503 0.17878602633856788 0.5584312259809243 -1.8361800825308359 -1.4321589208208076
-1.5799519002458113 -2.1236140208961296 -1.0886741710378876 0.6929658131282138 0.23727976946031049 1.0350855330603097
-0.2089885162722493 -1.344191759786168 0.11655605973562583 0.42278497385563296 0.2703499101847739 0.4809729590190367
0.4318186690607647 0.2773642085652636 -0.7820182583472225 -1.3331060741854512 -0.6139600524635066 -0.205359634741688
-1.4461164606387935 -0.7869828074590313 -2.8201164997570674 -2.3194609056360673 0.6204552655256976 -0.38190718592902984
-0.05152471145585543 0.11359692444319036 0.8665589249471941 0.2841749861973763 -0.5883083271212266 -1.7623108144799953
1.1691234023467179 0.8180716517929626 1.7846757402628295 2.4547173769810167 0.04524761339476179 -0.6491665039992407
-2.5489542634590747 -1.2528760396036422 -1.0703601438272674 -0.7537925036107579 0.2871487914748908 -0.05881507372037606
0.01392547448623508 -0.4095819489806958 -0.46183163160767615 0.6078550096976257 1.388245313881125 0.693223560909213
-0.15203988682452152 0.7152890567181841 -1.5593912130535856 -0.48539360982841573 -0.0032073127701871215 -0.2861650540297533
-0.9723750861053757 -1.5271544374523516 0.2063617289432149 0.8110138598531365 0.15249799333103167 0.8211910050503317
-1.880661149115646 -0.9241262534441513 0.2732151453051313 -1.1324089095066638 0.4278040231237135 0.20761763114026502
0.25994411556069086 0.9528113943571508 -0.4195098868784332 -1.0174011624357129 0.9831829820319369 -0.12331697154381316
0.4759471811226682 1.074146606422492 -0.5814461777938827 0.14699282938624014 -1.9408306089550695 -1.1034148767863736
0.712890822016211 -0.2628430576584845 0.9871491301664372 0.8827709673683168 -0.3708495295766926 0.031548994278116194
-0.1084252494893378 0.35142215253948067 1.4019175037104945 0.33351574313081744 1.0190841449702193 -0.07400410154661308
0.06986360079330248 0.09119604016132879 -0.8978351366649288 -1.435908714663088 -0.38883725322338497 0.5900809757487131
-0.3913635728789729 -1.5293733950244786 -0.5124553379563285 -0.7731437517679842 0.6127639862746443 -0.6438162033066432
-1.2429750339142462 -1.648992373876999 0.2806811370985735 -0.9597637417265232 1.0945579613367722 1.8662746021679757
0.0751226768927114 -0.7745894314951239 0.8509824023317327 -0.22831028697982236 2.0953710528094738 0.8391237059180382
-0.5314893510204795 -0.2887807052660675 0.9913697831851094 -0.09009669433510858 0.029455490976100573 0.7548004669717372
0.3837605545597752 0.8804195081388153 0.4784530506243092 0.6548927251769239 0.3090615511041629 -0.39482720381675795
-0.1618790816847047 -0.4999227460505845 -0.2811263335602443 -0.9609643998840182 -0.46783395581180515 -1.1734501281088952
-0.5738655758444609 -0.46578944385044685 -0.14307707200416392 -0.9610020377754875 -0.4774444137506405 -0.6148103875359737
0.17831468484068902 0.16581497638531065 -1.1826339514718227 0.2639775639279244 -2.8011097296699448 -2.207169821595287
1.1135374111047218 1.2016613288650309 -0.9917880242689172 -0.48917555966981824 -0.3170037810599785 -0.10446002094482157
0.17959960703299574 0.25286197651453235 0.6490065934414679 -0.5483990323071176 2.7914326289377533 1.2833732436448626
-0.288999944345151 0.3507195522815095 0.9046340696083964 1.5167305383987641 -0.3740196198338322 -0.1427969655314288
0.20258333602104192 0.5192054600451526 -1.8706649954372645 -1.8484321306366973 1.311564126261807 1.5541642746373618
0.5535377794555403 -0.18666686228846624 -0.358280552836827 -0.6089298140584118 -0.37807961863109224 0.03790819062056511
0.08630100044872396 0.17716043149824184 -0.8624939906692272 -0.33186080172206334 -0.9632708650563463 -0.4353399545932545
-0.40860187832541245 0.17834406596627062 0.7255654064228965 0.5336470090700249 0.9679753548541287 0.054871539056907115
-1.0025744617491308 -0.44328019226921106 -0.6956924524423632 -0.792546585329052 1.4214052401947364 0.7230805664283061
-1.2287846335084975 -0.4235510525381878 0.20214546191656005 0.33396413716034334 0.16426480917096326 0.05605472729591052
-0.34716629919725206 0.33729990435249424 -0.5216235767112439 0.2426416255447308 -1.108136299499216 -0.15644044685006253
1.9808707216794463 1.5761132514567366 0.6452800391319368 0.5764369646105548 -0.16593092367425588 -1.0359759578857084
-0.9473477149886086 -0.7880742223857276 -0.7886861837759213 0.9414982646738987 -0.42375045342028433 1.1371580045147827
-1.2836039499156282 -1.6411930249167743 -0.49972045873742227 -0.1789894163621029 -0.22989062166733074 -0.056444379177228915
-0.8407435689165136 -1.1058322035051174 0.6868863573950457 0.6928257616227123 -0.11603929533364174 0.7416134414158124
-2.4276981763667567 -0.4986044485221728 1.0446401427208407 0.7362644674408243 1.8454758699717304 1.7134146922728128
-1.2630352110228622 -0.29742062231090904 0.7289985007841341 1.922619930603001 -0.14521000554500788 -1.3903643372509307
-0.8161249977235285 -1.8528265640465524 -0.48103008821854776 -0.39489343356253404 -0.18636287219736977 -0.056856410842464886
3.2931671457445715 3.1457786344416636 -0.3058692383631922 0.026062714203034687 -0.7029270672061151 0.10535962250296427
-1.7915623240454355 -2.1343573665887017 0.07279924391185855 0.6141665139608696 -0.22339572513016678 -0.12182736064226146
0.4613698806502644 0.9534224929073705 0.5378853744130925 -0.006108973548593466 0.6989423387363853 1.336346469893476
-0.5557607502534244 0.4956601827984458 -0.1492309239175538 0.4698824434574047 0.07063898141846767 -0.9139109584567469
0.20974548841489313 -0.6262880322389038 -1.8456744375978196 -1.103922452567109 -1.892031762634307 -1.8235437156112981
0.03263595088254606 -0.4441070122473122 1.1770633781582605 0.6038432475958879 0.8381884963274631 1.151512085857198
0.1452732988721309 0.9071961054145209 -0.6948869361685455 -1.1806989195175217 0.1954454171456607 0.7333769722362309
1.5291103794458436 0.24905795319673085 -0.9546518536419842 -1.1685896503502806 0.11877395648318134 0.7898814509996916
-0.31487702242495114 -0.3528516037654973 -0.45132743455438384 -0.04100255899999744 -0.7453984209519612 -0.0561385466820683
-0.18320877112221046 -0.11301078854304548 0.5508527592263668 -0.14414104291768975 -0.42025075414676777 -0.7451024958713823
-0.11950508906226516 -1.6688190592249459 -0.1600505785318391 0.16797694075047467 -0.5196978801836247 -0.08515337170263582
0.6321219472597248 0.4058164790277673 -1.3203228248282197 -0.9891514976910558 0.5345042023919115 -0.9781932686006858
-1.516227650493024 -0.3534556175200203 0.21481430069234558 1.448159070944844 -0.39791472192567146 0.23781518148928438
0.4470578728879891 -0.8577933352151892 -1.9611173021975303 -2.478968443440796 -0.33756245070468627 -1.3767499020131924
0.4089243916701913 1.0370595002845653 0.026611622323448547 0.057988593589460576 -0.038133780503036 -0.12165933518867622
0.23351432010796516 -0.4027899972929484 -0.43254944302535425 -0.7397757092177843 -0.53642662432934 -0.5831625561601234
0.26914973718928914 0.06134385644516899 -0.6271982554967969 -0.9179562044443159 0.29969880429115425 -0.39264707980404656
0.7140207953743768 -0.5386433326901504 -1.145339790589003 -0.9148400509343516 -0.15742076819055065 1.5168364688383524
-0.33207415793896705 1.929691234638704 2.1020534074660793 1.70586789282422 -2.2987925650785055 -1.5536260369138735
-0.3750913892941051 -0.27723423988004997 0.6782899046479308 -0.266280027630462 -0.27497706973051034 -0.5812604687768315
-2.5406566933998915 -2.537209623601294 1.1107291447614376 1.0444815696881506 1.4643697575357637 1.448779346796079
1.7763976232785248 1.599226264411219 0.10471927769772404 -0.9840941677660449 0.17655939708703197 0.21998667439016537
1.2527181682607569 1.6981952487233352 -0.4055205577018551 -0.6438137127682986 0.6165758138289028 0.8967945250031086
-0.23549428642815368 -0.1445350687046073 -0.4195542541032921 0.22122272345702432 -0.5466593429903506 -0.24189708129784573
-0.19797616773754603 1.2059487448427055 1.2372603759854088 0.4188832527896801 -0.38257148534292135 0.5515435217168152
0.5539631448130077 0.21915802418951708 1.6014516775550194 2.798807363354176 -0.6214579460189033 0.28277568176253576
0.6962241207170516 1.096883129634885 -1.0205527990155385 -0.5391892393289585 -1.5518477319742208 -1.1756585693434771
-1.3811866930640249 -0.9167594165729034 2.092822682305483 1.7507138450094173 -0.49027107893606625 -0.4904528431412023
0.36448587142264427 -0.9791943067257066 0.03205387011324488 -0.6866342881715148 0.6667257020894748 -0.26448382000072324
1.5196510659814098 2.2054487471481257 1.2611824771627174 1.5553172187498345 -0.3244791914561538 -0.22902632792820968
2.0183339730465826 2.3050391989464587 1.170867648811916 1.5585546993501507 -0.4765596887870206 -0.18360097214710314
1.5576723837957354 1.6602528020256049 -0.5256970434760109 0.3153456030962799 -0.5462210861809733 0.030690638437926132
1.3433025305755422 1.533380899595406 0.5421369598716416 0.6694699355165712 0.8379326751513427 1.3212440813600614
0.5772731697950796 -0.8396247217714554 1.0736005028011955 0.02215464690683222 -0.04708018573594708 0.5285716800064886
-1.7196049127103383 -2.2914938063040715 1.714746018883658 1.9018035063337044 0.17980311067444402 0.4265187558900939
0.3446949508957082 -0.3243907498577755 -0.4230544846280716 1.0934511058806144 -0.32988709568744595 -0.0076438522779741225
0.13711268490612935 0.5489845701364533 0.8533044360499531 0.2909139470896339 0.646557912457664 1.013700111013863
-0.7070763876820199 -0.34995727209791594 0.5635559834456166 0.5317497586822857 0.5410528538938599 -0.10889552592872959
-0.05270826022280339 -0.5092198930452273 0.5766636729764882 1.049136132279246 0.3363501836816401 0.5883038956536268
0.45011623053243177 1.1514476483486034 2.397790214785411 1.2841654585375983 0.8088758200794774 0.8364418070936082
-1.1655261138842594 -0.24840631282389303 1.1851919015251797 1.1826376054586853 0.6354552541948302 -0.015918140141139736
0.9646969665565037 0.5487645598748974 -1.2229393173873713 -1.2842548191982552 -0.9755994556199022 -1.592318805199716
0.04611989788957769 -0.7120172150676838 0.45180217865792854 0.8494411985730025 -1.7745364960336953 -1.257440185911049
-1.53998405245069 -2.359207176712805 0.06007933061241372 0.01936186710340402 0.3555592892173094 0.15492971047551304
0.8573561199178051 0.14937032164416741 0.9765162308241045 0.9956661849771749 2.5592736086510417 -0.19134460947437892
0.9225645522979231 1.2145608078578054 0.5385058568489218 -0.7414385565932006 -0.8422925590797103 -0.7147891392991175
-1.7257528448280335 -1.7564230287091815 0.9810443533324721 -0.5493534429045097 1.0714389565387408 0.7297356703016606
0.5576711954798418 0.08124083834269041 0.39299908412949414 0.30193639287152124 -0.7419725695956624 -1.8200182750998115
-0.1155370644476255 -0.20510323755690438 0.7040869508688502 -0.15489781130016889 -0.5588892079173995 -0.48763503816804804
-1.2896152297574097 -1.3993812521841573 -1.141331321177629 -0.1849809471335805 -1.371107130597675 -1.0321922844599052
0.5908828287218653 0.4343926102395347 0.2844047970356062 -0.7432269215471958 -0.5621624037252211 -0.014140113276093158
1.5626925521678443 1.4081622757347856 -1.6348172488089951 -0.5998052730067918 -0.6892748977601106 -0.8633728491022599
-0.6919518289832727 -0.40741878343715854 0.8830404997595186 0.3880981340073403 0.6606326507319842 0.33533081927071695
1.2213124251697842 1.1764671524240968 -0.43700222046723647 -0.6089487581733997 0.46877296367673676 -0.35189777910079945
-1.1491039263293845 0.5996170065356653 -0.5801142175238604 -0.4127495921701095 0.9026922387673504 0.9657216310085117
-1.014893334019958 -0.5738585205947494 -1.1047384344092008 -0.8313899976732879 0.1195603166278349 0.038386908954664956
1.4806799922888871 1.205936419760753 -0.32522673395741225 -0.5358460395977684 -0.2118891171676887 0.08496144041636625
0.8949662838299738 -0.8612284107780558 0.5870023608092372 0.27918155328846794 -1.5251274131572228 -1.5005946317594077
-1.7872214145687966 -1.0661208077628235 1.1397364792108493 0.8629697829993901 0.8699418759109332 1.3479066599715477
1.8740014437917751 1.6147699821507113 -1.0519110855286773 -1.6690269066507728 0.07483493871149417 0.7934800736051479
-1.977925167386474 -0.8633239195509056 -0.0666882743415964 0.4605404023616025 -0.1133363449522315 0.15120734338755648
0.7791040197223722 0.2729036769252167 0.1812900538325592 0.1721707869371744 -0.2324437618461068 0.04306496576776614
-1.8829396525771325 -1.455963404451061 0.5648956041814492 -0.5610613229464564 -0.9191556483221134 -0.696878363977565
-0.719280514209861 -0.9444467102593541 -1.2591351830758781 -2.190540614404555 0.5270827385143905 0.8952922919486456
-0.2615555302953112 0.13255016238999834 -1.1495650833450102 -0.7297307810937461 -0.7371811597913357 -0.9049822856811671
-0.02859791679948089 1.3241638767992354 -0.700191076301697 -0.6219772411529578 0.9791560599282108 0.7081129388727281
-0.9188241585879635 -1.9473065443957238 -0.22201901490199355 0.34440786024129655 0.8884844597955924 0.5828931484343268
-0.1860799599620887 -1.1451866834141107 -0.3849397400849736 0.3484716195476686 -0.9489212754639629 -0.6432646545949814
-0.8800863632484306 -0.42162432927566185 -0.47848840919404306 -0.5476359108706342 -0.45008734167148434 0.8254354720869365
0.2225993162423456 0.5870593725651448 -0.4236269080891963 0.48477345855081383 1.2072857808454125 1.1340161849753243
1.614376547625059 2.0810609714697836 1.3551945261304963 0.3782425060444212 -1.4703932091056557 -1.1570165839386806
-0.22221513859214265 -0.4365306030030167 -0.2924075144308789 -0.2980847659844508 -0.36163384705261625 0.6674936654943352
-0.9614661343808784 -1.3109814736085745 0.1793123918293821 0.2937343327221943 -1.1390967685834046 -1.7875125975135142
1.1003535473030341 1.0867068193042642 1.062139593131452 0.3415694130860933 -2.1476129216771707 -1.847219989052508
-0.5290722447831623 -0.8408059481468508 -0.07097430862348265 0.9060874915750362 0.7937482254968039 1.1270099005250707
0.21662671338791092 0.1866224248225461 -0.7626457220058878 -1.6073126371123652 0.3697005121011007 0.49819331967124336
-0.7650462578157504 -0.3257699694071813 0.031388203927074865 1.3862116336331194 0.34038906152497195 0.5720452208752287
1.1207508212708934 1.4536398251667897 -0.2217274261204366 -0.2181985895554483 -0.021846477336962315 -0.9983242540462878
1.3629950389612508 2.0500265512054394 0.1534456810475783 -0.11845844452083226 -0.5517937987312234 1.150544971793679
-1.8829579526621671 -1.4661026304950828 1.5798646722440761 1.3541421242174898 -0.679017573841938 -0.21403148737321293
-1.480377915958571 -0.796540311321136 -1.7150762479767858 -1.8977386555118518 0.028934108925403507 0.48569524498749994
1.6901580652040196 0.9382888300283013 -0.06169225903184235 -0.506763184323503 1.187883538675335 0.6895747725954863
0.12212843776208238 -0.24020997995124488 -1.3675088998702611 -1.4135250662913137 0.1883907802082813 -0.19133100843515233
0.7418581630135084 0.3631237525712748 -1.461671962782336 -2.1372253756102353 1.3280882076296079 0.36387334660635473
-0.033161003247268554 0.009387757127836648 0.24878018518445288 0.7050220006552355 -0.5179460718540917 -0.681737825557118
0.35103736404236924 1.228393336309544 0.1577656416820081 -1.1664691011173443 1.3343227781143685 -0.2963924731023595
-0.6290309497299144 0.7411316578618862 -1.9244883015873675 -0.6667740231571732 0.8029660824464286 -0.15446293069523287
-0.37269378032594497 0.5465080777479044 -0.8927898352609092 -0.1491310832982684 -0.5552322066872263 0.5033626428018045
-0.07036422520801296 1.0266483747223831 0.8060118463909117 -0.19022704505920796 1.3279258036939372 0.8505982711880608
-0.3350229473610081 -0.5208584951138203 0.75472254741242 0.4028436822778597 -0.9344900377860017 -1.417625241010879
0.8122356752779966 -0.03426093579119582 -1.767043390858876 -1.064452860951791 -1.553246593462511 -1.0414495179655991
0.10663999376614035 0.17359965826312052 0.06934502138343517 0.5163409895616423 0.24875856861510676 0.9061209179012306
-0.7059514544838501 -0.2927716916900378 -0.7450129140816268 -0.10331557089963661 -0.6721893681175177 -0.942731576719178
-0.9720201899912889 -1.9081395182063847 -0.45816715478951053 -0.04375924359320588 0.45012398332859566 0.9170602026170575
0.4195412300761168 -0.2930772434506017 -1.2709322930303066 -0.26300162820434525 -0.20058751261140095 -0.7852262351983857
-0.9858128596924606 -0.9215498032137742 -1.3546088523575666 -0.20696899871924102 0.7790200502222835 0.5030762986896636
-0.17384143068997393 0.09380305140052997 -0.08881454922275751 -0.5453047695389279 -0.5733321927747891 0.11465024072181174
1.1766845386541005 1.5175920149914615 0.7976373562335582 0.888669762026285 -2.0149139576536705 -2.5067126857835578
-0.02036359323949993 0.4054905921049129 -0.5395450167129965 0.01966507230047143 0.2921522123808098 0.8512096966769738
1.32172840487197 1.742915523334324 0.26001981016904746 1.0679043227179035 -1.9397593487232925 -0.7291866957299671
1.094900036368399 1.1898096154370694 -0.49634213179829967 -1.6353294800041884 0.09682616336357505 0.7998285777049567
-1.4780528592365718 -0.8435519236073741 -0.37622547645726556 -1.077198507065403 -0.28853638555593175 0.8296461117767999
1.0296270301794628 0.5347150736490143 -0.6684315990016422 0.5555392922593637 -0.03849445368396394 -0.2510254645774258
-0.3395233832509624 0.9946368277041842 -0.8207761758541191 -1.0185491757216985 2.3020040837489955 2.0490220580172824
-1.1465753613947618 -0.4514607523721357 -1.4483099952190104 -1.011392533107625 -0.5345258187487244 0.013404575145029018
0.47516159426749427 1.2094206665524467 -0.5028833569460531 -0.07110451306201632 -0.21371880071181948 -1.2033204298252556
0.36566591394833653 0.08942940167972088 -0.03148169569089281 -0.35115991165502725 -0.8662485002159288 -2.001609338176517
-1.2295741724717124 -1.9608719626814626 1.9470223752731437 0.8557800730219348 1.1986544169656366 -1.0931594922874437
-0.6376018092953902 -0.6772579999524058 -2.1759966791723167 -0.606847793785813 -1.5814968439847978 -1.4949286172774254
0.12161450514318117 0.2436473205962035 0.7571213710687362 -0.02044946924772284 -0.22951762621729546 -1.339694445631268
0.3666458439946877 1.2721967896988917 0.9027415207562834 0.6061173847468823 2.4359109131536303 2.1549683503985975
-0.14071027434106426 -1.0254099508816763 -0.07898283179054884 0.13543419228204398 -0.9893556903736793 -1.8477584134014262
0.06482081518974145 -0.5732725212564537 0.8422892537427812 0.18938823571319208 -1.4235721144154372 -1.6975043983677498
-0.6091276341379674 0.057772590971077675 -0.7611794234365659 -0.4623043437868578 0.8008528925012725 0.7766351868813255
-1.424300573096154 -0.8821337353192384 -1.409196969487303 0.6786633238374709 -0.5862863204624758 -0.4187541179696456
1.196710091680533 1.7371872245423046 0.12906919383306792 0.5564451333632903 1.1075810519333218 0.5930964675086446
-1.1390534077723151 -0.5877767159988594 -2.2884076987026556 -0.6703369225311717 -0.367267602145969 -0.2968917363053713
0.9957578356518965 0.47495396222825426 -0.40990139639084033 -0.2146249217483271 0.4172699294723715 0.13291921819600533
-0.9709480536014173 0.03170990997045642 1.714224483900555 2.033186488698735 1.652051785560786 0.6584711475340457
0.014542196290191389 0.4150656282396938 0.5161030233020167 -0.06633638776411627 0.7296685032339493 1.0730615989541321
-0.8522830120777051 -0.8203968366486111 -1.3727793213678117 -0.4215163380445305 1.1146750544188249 0.3512003312578939
0.033134644660183725 -0.6905740215330323 0.4833832248963219 -0.026267744393406567 -0.011366282523517578 0.7387241625883916
-0.2659775537513566 0.6285548849588645 -0.09717249699021997 -0.1227429956134456 -0.6879430684538522 -0.6628622638226714
-0.5010030158876869 -0.057269479731001716 1.3673372006385343 1.1437353963856791 0.10226975603640885 1.021241181734269
1.5234152573002981 0.7300642533818211 -0.15966680099118913 -0.3175076455868915 -0.5585038569989668 -0.13044994822772515
0.572313484400461 -0.657891516813107 1.9509947542129726 0.7488255129461125 -1.1354742056607587 0.5078204422644927
1.5749137889312976 0.012379159178129928 -0.9442275500774702 -0.717906403123279 -1.4560013386559847 -0.5188489018983887
-1.0097534518319282 -1.4104475533599898 0.0704800180384588 0.4431042768692918 -0.6257591040616418 0.6333053240279176
-0.11614427745959015 0.3792477378874147 -1.9664925208619628 -2.094531323596978 1.3841628231265242 1.9282514268489233
0.9662502479983187 0.9482819222193883 -0.26725832173005487 -1.1632579582216842 0.8601599394306045 0.32213204993495426
-0.09817510298770936 0.45430752877351577 -0.18215674206021337 0.14095217712918565 0.1430654209899544 -0.3931675205159489
0.24156778874770607 0.5589880152347122 -0.04681554640229171 -0.4269841634891181 -0.04511913707177567 1.7463935922352494