0.17957876904408931 1.3328246132080068 0.3020236299961102
0.23300893103813852 1.986485189445819 0.9242904874764575
0.8346279398171542 2.2244634640059537 1.1220786112307815
0.9252331546825155 2.645998193289297 1.4958290117061281
1.1331532473609265 3.0233118676899067 2.323251802284039
1.5089783539490713 3.123004227504732 2.3705955910479153
2.0683660332402605 3.5219262379839438 3.122293531647697
2.170968187526241 4.049733638545897 3.247912358848221
2.187242802964052 6.065262670091098 4.235967629281447
3.6779795011958245 6.49989294983742 4.9081046556526005
3.9051966402856277 6.625228377317953 5.014952424777355
4.581808782685727 7.010619634041307 5.118111519385201
5.088071291511185 7.098573296635648 5.566778021499006
5.117474417841196 7.259286640005936 5.657705549784319
5.558522270516708 7.459723053937352 6.841141786178897
6.601455075275036 8.501749614651052 7.255043508672858
6.788555993065472 8.79713989050704 8.102427265534521
6.897678106908751 8.858270237355903 9.204588670203275
7.232145117338715 9.250058879984893 9.639805808715277
7.548187794665165 10.14747439367957 10.040829033944368
7.755181486866548 10.7111191487783 11.015570228093614
8.041797784560604 11.451658484933173 11.334235175757213
8.078520757246691 11.745302861858779 11.339553867669302
8.327986360736517 12.063015585328149 12.618617259252742
9.123729219321646 12.256857188573639 13.638808055706667
9.283512366569845 12.644649284117243 14.950096599658435
9.818274926839742 13.315034457181982 14.992604791274399
9.883592773613579 13.641779253935695 15.396483767378513
10.470632966379192 13.685338322885512 16.019485570472217
10.55728124841628 14.661703544630864 16.558033103294672
10.680674914114933 14.873703258062843 16.62525760841496
10.824210170869124 15.460231738602495 17.04542953219691
12.487590337692405 15.57571616157952 18.006870762587784
12.953692718745687 17.01816730009741 19.706258294336372
15.011869629045188 19.257422922131397 20.152495970810293
15.251293143578874 19.28446337436487 20.214807380531948
15.440705071405263 19.778462482216955 20.339087659320125
15.790116630216566 22.186443019283065 22.79295766171315
16.789437461941716 22.66686410625169 22.938661984495752
17.010788423572766 23.03065561335404 23.555916060235084
17.276120836589076 23.924084665357526 24.033175441598292
17.300062271029095 24.89531969200372 24.046378816778986
18.59703243685852 25.179738740981968 25.893249057436908
20.177181171712803 25.730578185240425 27.660851436789912
20.88078460873622 30.630232849059468 27.775155982126957
20.997323612394855 31.45831673565629 28.74337753390791
21.276979062291687 31.8574269779762 30.5330808017085
22.179450082782132 33.25124400325251 32.27147715698949
23.580356532741696 35.442002085557775 32.34780341666069
23.6341450531817 37.177805688436834 32.68038192272844
24.473367810139433 37.1830893417249 33.48306625216985
25.250747278883523 37.20397350381187 33.54360097767514
25.695349688601866 37.60852380448142 35.84278436396473
25.861110546970117 37.962290848097126 36.74239516966384
26.10446365604306 39.3767309755522 36.76636227517683
27.56576905519472 44.157546041468585 39.7609262638653
34.55662856256542 48.4323313504819 40.02003326015128
37.74007341109849 50.107330937333764 41.56461899754303
38.43001930116075 50.29019834778832 43.17651984712379
38.60710708675428 53.17279815065042 43.88946883961875
41.38125299269958 54.01873619573525 49.70800097868887
44.57205217021091 57.61093084859497 60.288595074492065
46.24427266475158 61.15231722167221 63.54735151034158
47.26179186699564 72.29807660349977 70.46780454327072
48.787384904316454 85.48482188479024 70.67992021140367
51.110030480360614 90.4950618300244 72.74994118760844
62.86784144609424 95.38842599462353 79.65750008447952
69.87451223742768 101.09566776805259 85.58473534059104
85.74820424113334 121.97685466162378 95.84319449324938
97.3712727018295 141.87743070990723 160.660183908623