0.014483911991843852 0.044852897466980124 0.17332277107595823
0.07225158008103036 0.37843617567094473 0.33199771339268763
0.2040487305835095 0.4288724621235569 0.4246218066934512
0.21087169901425235 0.528505239644408 0.5407799152427374
0.22263724758416187 0.7978129511271257 0.7043275142516772
0.35628731570749034 0.8453644732355361 0.712202686566173
0.4012965136606505 0.8792263913767528 0.7307448551467699
0.42533386485553604 0.9378586230944985 0.7600828343722639
0.4902915481967689 1.1879426865729725 0.766282945332575
0.5108779087014126 1.3635671953080888 0.7954480932886764
0.5599800087414781 1.37499803030422 0.8301280261863103
0.7180882356662817 1.4978799712228907 1.0216494012342605
0.8160671552273477 1.5472230668451048 1.0860714377110998
0.8873901581160181 1.577243297685166 1.0887279836588093
0.9471481168538736 1.6195940800853028 1.2404315221772486
0.9569541540882485 1.6652370933338643 1.34468233973261
0.9803466325107558 1.7248622740795072 1.3547927551565666
1.0564694845322964 1.8039562404722749 1.4292611110536946
1.131451171039098 1.8530551224235143 1.564098918455494
1.3181100889110697 1.959267313530286 1.5711222094023023
1.442489431034041 2.058484344780498 1.8390449670959153
1.6610503235449792 2.0741884382951343 2.122890417564956
1.853758103040502 2.1186216802828106 2.7660515508991104
1.9941463774541948 2.1378105440065593 2.9106857517333
2.440614185117372 2.32055870993665 2.94696361326824
2.613290629537419 2.321556387308648 3.0001158961127405
2.622476852292548 2.381833121097718 3.1055421752503283
2.6671851412362875 2.467007149657849 3.2052687440336953
2.7192064142531294 2.7716669442121047 3.324771440253162
2.840856145528141 3.035273759842856 3.4443733699617916
2.9564513742455825 3.263617553243817 3.4471217278135513
3.225828683505952 3.508488090002966 3.49271718682792
3.354198191909829 3.9848371077485654 3.6145607963895383
3.4199387895997257 4.0805849681829 3.7105062491400815
3.4713334332585815 4.192464238402097 3.88683769643702
3.60940274059398 4.255187456459141 3.8952208108599877
3.693552784105671 4.429449299670245 3.9535996794356953
3.7476636108254606 4.606837484188454 4.238640709068407
4.049403602202501 4.837942353801794 4.341983032549431
4.194666900420517 4.841827197090396 4.3513801658960745
4.2797982755844695 4.965399582095488 4.499731138365093
4.640618888976067 5.061385292865792 4.634844917852485
4.680373594836562 5.264743046223895 4.700425067017767
4.9612509978795964 5.304463493145884 4.828103594153841
5.271737881212958 5.356380522218678 4.8369345939713035
5.490284452162323 5.622250140846826 4.864274508573546
5.557066454833547 5.720077887537187 4.884410784985697
5.618201728081193 5.991300808677554 4.954150488902692
5.650689883695011 6.02885848280987 5.082273052060545
5.881933917726423 6.3174411580460905 5.345523388378065
6.126892412643126 6.4228899708777 5.568035856959646
6.224916726374828 6.744248391595978 5.744677758168902
6.56962106368084 7.179210248202752 5.7733716776204345
6.573008473100314 7.807078255865382 5.913924910865228
6.677963600055597 8.409392817106431 5.999334117118237
6.68470453540275 8.869293206701718 6.29569395920951
7.433022918769745 9.169647980377857 6.622821452302128
7.708690337432644 9.841394373395968 7.209693514702885
8.344636097539892 10.383796256535513 7.263914858099278
8.886203722988007 10.753366922987306 7.637603612637879
9.048977750687117 12.866136780101895 8.812132790522185
9.18193607420928 13.78878774464492 9.408192677785216
9.301930292806219 14.014493565887054 10.632902667442515
9.439880436744538 14.712149846163644 10.644507065132224
9.553959708448417 14.753447629435959 12.040072164122932
11.7229702659432 16.715374984276895 12.59451866745601
12.118327002952256 17.038286481927596 13.166274700535084
12.923729197416183 19.855944816430473 14.592643540040314
13.475340641568437 20.470364455631703 19.13903095481332
14.753374644491808 21.882031922137163 42.16912788391305