5.304435878085024       4.92462156446754        5.635604980902545       
5.5004256196528365      5.27171535170777        5.123330047410994       
4.638770374761371       3.7468144628628615      5.963689583949445       
4.353632832134972       4.703712976172811       4.5141748686160446      
3.77240907320301        6.408958669872534       3.4744420462351333      
4.93428912467859        5.180570389486455       6.035826938763488       
4.6044047312201934      5.803761434153544       4.31458653010193        
4.120808053801378       3.0130205953614135      6.121188642961338       
3.5961390251929277      7.6729956224307125      4.01719429945982        
3.777404210207882       5.586957133177236       4.207965145934225       
7.288813436701857       5.076512770767471       5.860733317791208       
5.099622504179191       5.241895328447856       6.208989771910604       
6.661386350329252       3.491904731134962       4.523550910810646       
5.432740822471205       4.86586382907625        4.268794393136847       
6.136298941701554       3.9731228366921654      5.585601615583533       
3.9877334822587165      4.770583903648938       3.340535063949841       
4.098894956488547       7.3216041217481616      5.726448513182023       
3.673936969869673       5.045050039215487       5.232877478927498       
5.568726389722307       5.107313370858016       3.8945483035664084      
4.423617044641603       4.758148722402101       4.122205848988083       
4.0132591321401065      5.213504757032905       4.571241678456013       
4.915495376374203       3.4012591832068306      4.922821945164576       
4.026382351525666       5.016929819293486       5.291829234224578       
5.2152306445440395      6.052302169759324       5.496606323769535       
5.439802075298435       5.932352729556836       6.111305299293855       
4.699685407929628       5.972916218671366       5.7774041926237265      
4.695041555579923       6.013275261853219       5.888272165121504       
4.874617724059455       4.450575138198757       4.23042410103347        
5.996871290960493       6.28059575174646        5.086039487639722       
4.4858361668174105      4.784811657233466       4.964526161162698       
5.0426178680526785      5.28893250366239        4.667069778492324       
4.930362588194531       4.724110606912445       5.839001462604049       
5.632937249520256       5.043071497322451       4.797557162732009       
5.487268685336349       6.121946999108275       6.270294126213305       
5.013181694307234       5.200559050227474       3.595046872970385       
4.6762941459860565      4.397599257171323       4.760308397396531       
5.8793460189226545      5.675206506908262       5.747339678737052       
4.267074783347702       6.280303273650678       4.335541331893342       
6.161858361137897       4.2301893307475495      3.5249703323899286      
4.935274622096131       4.632595609255689       3.0068450803275635      
4.762460666696521       4.729310188384142       5.009226019736241       
5.8379212784458705      4.252276129688234       2.945271709372938       
3.782102124627892       5.042323810517492       4.266385217682521       
4.148622818131398       5.044995249294998       4.821514862657263       
6.266366915731834       4.6321004506960515      3.9278636281652         
6.850962388374294       5.819424375604843       5.018514231694887       
3.6454745756177447      6.869840517359977       4.570654251419294       
6.422649372975048       5.4702178837485445      5.636543707632587       
4.769464339770601       3.2469840442018874      4.742067137604073       
4.10516017501825        6.2329125815805915      4.512962492307474       
3.8007544673598446      4.757829525178883       4.400965961086244       
5.928139819779379       4.368873745490859       4.4792644270876405      
5.82029264560182        4.0304166612477         4.184320615030646       
4.901387144234792       4.135647666661141       4.694191833448086       
5.340830389698466       5.525397056244714       5.112147488876819       
4.033487136777298       5.523230661429675       4.20445436644332        
4.354852955071054       4.2938819457765875      5.145368515337738       
4.7889920630389105      3.0755542081051876      5.264722969420927       
5.3603356678295375      5.641504953006363       5.99228940191378        
4.060448104633835       4.914014290831134       3.408089269769046       
4.46284971483068        3.838424364970373       3.704080509522904       
6.001576690130524       5.250179411466695       6.482471019343781       
5.386576210490248       5.631402258096703       5.756967335088745       
5.443644575738006       4.984153861799276       4.86064859651552        
5.894399433895596       5.463855479128494       5.989764901385707       
4.65029797568262        4.2273414690139335      4.879620817594481       
4.377294657021182       5.484772736020155       5.290458301500476       
4.571647604817937       4.606791945448357       4.918667216899768       
4.981090426202488       5.092041431661957       4.7407551598319575      
3.6972124286242294      4.54347922401226        5.846455099531358       
3.561308208275097       4.703620451913531       5.764484012808632       
4.152847216420481       5.461216324493842       4.841081092414612       
4.360121057497807       6.044207511403522       5.774520693115703       
3.6242544329965702      5.715899304526884       5.195693160517103       
4.999216430725506       5.976848863752188       4.028572268064433       
4.530942107716831       4.60284381879777        4.429099986184331       
5.7410133783616795      4.480547277629411       6.465518688829918       
4.098851230794876       3.9290355189685684      3.7366214844206427      
6.064220813004304       4.620437850016747       4.211953511665266       
5.409079776322585       2.92027672099409        7.226006113469062       
3.529320056686925       4.9180011136576995      3.853429815771298       
5.9662304573187         3.9205154475107564      5.647683706102582       
5.93739582586595        5.639672627103239       5.304551679442217       
6.436043671722557       3.587154734822201       4.2456062318263585      
5.8683566740983295      4.7530308488338155      4.466422710645619       
4.341463400527639       5.49007785334017        6.351073999284395       
5.991512058357141       5.809959517406818       6.231220748477456       
2.951291596216333       3.676699188835123       4.054434920931456       
5.699346598027631       6.192611464281363       6.383273735461256       
3.611007169612978       5.128614212891113       4.792960704479038       
4.185983869683995       2.642602125166004       5.773184535169091       
5.107799185474086       4.728036284198368       4.159278239522436       
4.297065800030236       4.4865525561765764      4.441102189923616       
5.46513299203831        5.110665721773349       5.3660877970365055      
2.917305479245888       3.6323501209131592      5.910669035440304       
4.325788228243397       4.84993213070019        5.692049568312272       
6.583475121998824       5.61039023092607        7.137177940612728       
6.364832438120067       4.591928336307126       5.020106725013575       
5.34389405958343        4.756806741131779       4.481307712785066       
6.213558911338399       5.617123476834517       5.521051487976443       
4.776632691299568       3.3272076551140777      5.706625500789572       
4.903494623383198       4.448213128572028       4.456964964041553       
5.068766790355141       6.012908425372824       5.029583061631311       
4.585657936356535       3.9715461071313753      3.233399663855598       
5.774230144479914       2.5195835349308258      5.146746556996554       
6.010233301705821       4.171033239021789       3.7674150212420114      
5.66522417719888        6.705389239416858       4.750374198963843       
4.8835808914243355      5.346295997297101       4.4522650112253555      
3.2376672239733573      5.804555538260514       6.124038850300357       
4.876060389915787       5.40237956559708        4.5964492331831055      
4.328891808823439       5.635335062903374       4.948848620105816       
4.090029443989175       4.0048138410970004      4.944720500273217       
5.9691550522977606      5.032972572297807       5.557527519580807       
3.1791961364342645      6.018003533965384       5.360282220025885       
5.700283757309242       5.512611936583872       5.414635782406766       
3.8655511311498625      6.181365496724849       4.578090746206551       
4.74507474586559        4.704193047885678       4.95063214794985        
4.504185932194054       4.4853157785842255      5.159052330630018       
5.07019033539646        4.989135882971796       5.063573940972275       
5.034917941202483       5.904970360260008       5.754280306470202       
6.3980963349030056      5.533098371579385       6.694677404525036       
5.973555898462913       5.538359216871911       4.651674946811626       
5.8911357161604565      4.146467337235864       4.388852603761672       
6.1636737636884416      6.126336964385506       5.396908193654608       
6.195471925214132       5.85429676113647        6.397035982916297       
5.772531052761203       4.643329379339377       3.834337760523228       
2.2317174595162577      4.517890711766506       5.378394935975763       
4.488826227424494       4.142308149994541       3.684610347677623       
3.8973690410500286      4.922135273304606       4.572325706516489       
4.482340462042103       6.651840571621295       4.312060109469934       
6.245169222289806       4.724545924246081       5.662977167270632       
4.796183969502121       7.415918034796402       5.252382789705699       
3.9716086742361423      6.15520458686671        5.344381225643007       
4.733664739112307       4.170387396765277       6.129135372691464       
5.739347484627746       4.673813401534101       4.850130463480204       
4.633342482072755       5.023522589200929       4.285754091832201       
4.175838250834461       4.550044913708649       4.935762075917736       
4.773879036936593       4.112661451104232       4.560443727853527       
4.304539631998947       4.482940158384284       3.923689192323099       
4.420086382764963       5.561432411779276       5.9878982065222095      
5.00888938213118        4.8844472352193105      6.128165749401996       
5.740623599534165       3.5969334185782147      3.0753960777720284      
5.630393837130948       5.94322411707658        5.090268308414325       
5.290666742598862       6.170256822131198       5.608261578256908       
5.985218551419523       2.565718525375691       6.309262470208921       
4.991569072180165       5.783168627966476       3.9742613550713664      
2.791289841740567       4.413451043927431       5.686819315738757       
4.578677000630535       3.0038644471568556      4.477583928678798       
5.335108001164885       5.477023491257317       5.8751936455460525      
4.5556602798172525      5.104577991974823       5.474662113205251       
5.338115407978177       4.3739067437498695      6.286845374657041       
3.3037079604926056      6.622490856813557       6.693580312386093       
3.439697328965733       6.208678058690933       3.966575640132248       
4.553754918317108       3.471796146554973       5.9114891710642254      
3.776519313564539       5.638062089627665       6.201909433179969       
5.7086722608304665      5.1041325035198755      5.72174260403756        
3.9465822654446314      4.183210519514407       4.06392431543945        
5.684574917240587       4.554530102365699       3.896136591611079       
4.8624479393072955      4.982933720742309       2.6744002224953562      
5.548374409875157       6.708448928716634       5.85421854076827        
4.841644442968427       3.5835552243568953      5.273311691775029       
4.9936555310710915      4.454138972980272       5.379441530453967       
6.5125337640132175      3.6870499445136353      4.484274392599227       
3.800773637633652       4.371073484441299       5.121634429224933       
4.979369471957509       6.062040905908404       5.267436664960291       
4.2877150505126265      3.3661549803027473      5.295720408303683       
5.037093263481354       5.2920412673154456      5.325471216877362       
7.259280386051514       5.636487389177715       6.7168296058101         
4.044010365029233       5.567802089913728       7.449817568691787       
6.151121634711079       4.448686654584674       3.937904675051456       
5.694596328347945       4.223458884247232       2.217750653679684       
4.688254593075486       4.418523549913605       4.565978426976111       
4.765481448785687       4.51878621981348        5.698460433105833       
5.040741318455887       3.699810243184742       6.369172121835774       
4.281374897819966       6.324233726150416       4.458332086079557       
6.112756790392164       5.739953921527488       6.994481698212533       
4.2809687260911575      4.88081191268629        5.000644966715043       
5.934052042300993       6.060315675399321       5.953283150474727       
5.2728344183432645      4.783158436615415       4.949470523517828       
4.719335688886259       4.767347933660166       4.537975146005741       
6.979404387015498       5.10870830267606        6.036234415259424       
4.4305977258150095      5.666845121565271       5.117012681584133       
5.27723262566263        4.139403879861152       5.359418717863324       
4.7697835193978         4.214073164020566       6.328694020516698       
4.615891004077808       3.9221459298634533      5.183440177436363       
3.3161622036315173      5.629904279073904       4.299342257775623       
6.039732075892181       5.789068816023132       5.842021408579824       
6.031912852784052       4.203990327656242       6.201716880769554       
6.746945711854594       4.23084229068193        5.882499294567773       
2.452963161747845       4.240146752297524       4.884072927539369       
6.12503356255741        3.5376383801651268      4.059253290078294       
5.931894087541171       5.4091512376593816      6.507452442540356       
5.515405338809982       3.611602170140964       4.690308863935442       
4.031297399207806       5.262597026231831       4.979547807219452       
4.901016967119548       4.274519739921592       5.387398136807922       
4.809993460018884       4.815262835829363       3.4454940474972195      
5.277353709301416       4.1643235257416045      4.343901472049896       
7.000399942760991       6.443780227524797       5.317203615710062       
3.721724956359452       6.949000979300515       4.588705270984013       
3.5537435138796756      4.061482356916076       6.7236445612054965      
5.182440998490591       5.547076640486914       5.144437442165995       
2.711423906131148       4.795584726479631       6.086095123410644       
4.209672110198754       5.592732800562136       5.1897935165733164      
4.97393065942015        3.929130971009801       4.994290787146118       
5.034126127235533       4.364353103619322       5.157254206391953       
4.802961410614737       6.037657647436804       5.943292382901335       
4.720366773602703       5.040541080554657       3.8021927647219522      
3.404671893930263       5.840633686375877       4.6244673731298045      
5.184283016274797       6.3480484813639375      4.016656891246687       
4.605053744952478       5.533512868826705       5.576449095730081       
4.292422249877412       5.841797658639798       5.461012241558889       
5.323164852216744       3.533792196794411       4.84647865464422        
4.101563500275301       4.324838703104376       4.916570937992017       
3.9171474694508515      6.212265417142613       6.248606308380265       
4.336730385320975       5.2176397003500945      6.3213572325265766      
4.844229915216463       5.83883692039169        5.328081147177676       
7.050389701511141       6.0423945816626725      2.997061920819064       
6.716385297857359       5.361829804382864       6.915205138062325       
4.800208450777338       5.363423134623159       5.138902507968415       
6.570124387016593       4.9337674783547145      5.39475137013227        
5.2523647519256915      6.465457247024801       5.018177558285643       
6.200460682887438       4.765472034235464       3.794790212050848       
4.332188000591178       5.7681233265983245      3.8494774768968942      
5.8177129085908055      6.189747838643556       3.0039056671365922      
5.250249068175847       7.338949987497339       6.214105413584357       
4.493922129506553       6.136162444616492       3.701867331783223       
6.468147677243843       3.6036097956733126      5.562713100475911       
5.402551836616035       5.756702781936568       2.767366771789802       
6.424346235133033       5.657258060845612       5.269727785578919       
4.207928634504331       5.26541436430798        5.177448156531765       
4.1273692985174115      4.276480463111999       5.658995002161988       
4.898019414813294       4.488626457154938       5.398290100036901       
4.647723441096999       4.504098957857587       6.13614472382654        
4.381816523915292       3.024544315020821       4.7343589385635685      
5.689229419603358       5.4929073547530205      4.910510572392089       
3.573268622337796       5.337519489051029       5.018438896534467       
4.626516625546908       4.643268627237881       4.903216974155407       
4.116503153229162       3.6508019097134596      3.451698939497673       
6.386361545885971       5.296467668404202       5.225753422300066       
6.958190098050109       5.362017525971473       4.961932829061986       
6.018209312989354       5.319292307857599       4.230617613211002       
5.268011469670316       4.691176553840507       4.036540678485195       
4.613615441393641       4.837450234311926       6.112638624992187       
4.262447731279574       4.814594661297438       5.538274954180736       
6.305015729704661       4.058835396882052       4.5188938046050025      
5.013190763782671       4.607766655801673       5.1921039993891664      
3.750374063621731       5.435416387844975       4.933786932080983       
3.4965248298532448      4.4920744185966575      4.078784747722153       
3.257265661464504       6.020567846321187       5.971472966134812       
4.677328969694191       5.443931514943338       4.773745448009029       
6.750967297653659       3.8508010753402826      4.876584986023044       
4.889565430129603       4.181588873037093       5.051539532065084       
5.032949264629838       6.2113413206297         4.96421989226943        
5.007312596973357       3.871814383744324       4.567846404205109       
4.817091422114739       5.616733240057159       6.4958196451452         
6.7478932703745995      6.803770436463607       5.453404801970754       
3.203171537079955       4.218672633177778       4.347985513515046       
6.455581560419787       4.877052774213013       4.972004148285152       
5.024251272963351       5.7818974373739165      5.1432792780589525      
2.753245853868185       6.753669511744721       5.707684262690843       
4.598294454211672       4.603465596335406       5.678424290258343       
3.949077319663778       5.334940501217479       5.635438198581217       
5.565034005349237       3.704806811649438       6.851033368325774       
6.9400025529818326      4.56050303139101        3.2586749054318656      
4.072433572529125       4.57279487408798        6.846353360525387       
3.724235098723372       5.251305405451619       4.21356785416113        
4.2884750780306415      3.8935054604909265      4.880779414774171       
4.435061696636472       4.130414195329956       6.504566539661061       
6.596362340572756       4.568044524158039       5.1089615438335985      
3.846989065586633       5.983963845024875       4.933166747346834       
5.977584426949396       5.238922373206559       4.074071968571933       
4.7592895784210025      4.122858481843061       7.003310558582482       
4.841938154933004       5.153322065808821       5.797370128503884       
4.589203773744876       6.2457732396812276      4.667817919511995       
4.6549286169042965      5.834860415305029       4.881885728483676       
5.772845388326735       3.8527976577658203      6.17830052937078        
3.7494697564609423      4.658915855991661       4.147544224688759       
3.9200641614926384      5.372857847435233       6.841438608257985       
4.589100848940447       4.469104960053842       4.718417207415012       
5.338593536149109       6.225765515536555       4.534812295960603       
3.548031233588608       3.7058579288773146      6.598777411205947       
3.487734159063253       5.108912563452266       4.5750279709532755      
4.855794047562401       5.012542965313863       4.381635429829656       
6.119109477616579       3.140205345807403       6.317702522972503       
4.89926124289286        5.400081350469335       4.828930562983395       
4.034756794278051       5.183532336466042       5.718397774714241       
5.234468514285902       3.8551952099480475      3.8176102963774         
5.075701484237948       6.241535846605616       5.910433798353852       
4.245437579093294       5.540973920152656       4.41396816991351        
5.98861844502791        4.655265912091737       3.9801068115104012      
5.685523124783694       6.142904227297566       5.607534255352803       
5.074822070166273       6.250051553636424       5.237637730251285       
5.134927539861601       5.344978935957395       5.59468985284958        
5.807790059974053       4.82488603750098        5.518787741579329       
4.821741904330475       5.092876668077763       6.464111391162454       
5.716102926490261       4.752893372897594       6.44181596152562        
4.631753307190716       5.844060181532302       5.130559747361287       
5.529534626066527       4.9846744894532735      4.556326142311061       
6.131214414871105       4.673519315461191       5.812068258127959       
4.016562192714628       4.219204724743491       5.1904413079903025      
6.433029817831286       4.094671047233817       4.016766455871626       
4.139079577111116       6.349612621881037       4.570145823717454       
5.711578746371682       5.277659905406504       4.813448330652818       
5.266121149286929       5.535127653027842       5.536724019803649       
5.043343177729642       5.457087197594894       5.998789483105095       
4.935362706142938       6.855442458322305       5.346803567127392       
5.58560251209918        6.5359688769709425      4.1021332444708865      
4.801857542923423       6.042249563033826       5.712659620265913       
4.017108303275512       4.179220613505597       6.431886772853851       
5.522487460144149       3.5257570807606164      7.091449284897003       
4.24471780653569        3.663015435936135       4.322288128284364       
6.41195050931318        5.378231138347929       5.933232275715501       
6.410106449184116       4.606151603969367       5.962779236954729       
4.937711886426261       5.9476840328717655      4.93003863645803        
5.389110803796469       5.047174359615173       4.190938108344073       
4.055296973630061       3.9275155419008243      4.767927788214639       
6.110551808961013       4.5291469344879784      5.322501794976912       
4.965979227032983       5.035895869982873       4.143916160202528       
4.451596323167699       4.151496144654059       6.114055853193295       
5.728987045572219       5.607230449882394       3.576670930276224       
5.612552711616424       6.358581313352159       5.296103491342484       
4.384333795452277       4.868145265227226       5.970240763776205       
4.6326426991661025      6.829402220704677       5.167006322211286       
5.452900971741484       6.014172588447445       5.153387115000405       
4.408289256475326       5.324544423830528       4.078450448221312       
3.965147162593897       4.653556702667778       4.7907597223105425      
5.495931194192592       4.561015439431157       4.901985659661471       
4.568254806187278       4.898229128951454       6.439698333392115       
4.745478811464538       6.267515175311447       2.2453404859266892      
7.487292425571099       5.781067360823156       3.743040222196726       
7.702964363597658       4.558384989803098       7.852621106474852       
5.624866173139683       5.052476498917007       4.059468391034036       
5.404278261908905       5.91958793262876        4.900389636402874       
4.384388087522767       6.192926899022099       4.051187422949531       
5.2547265893124715      4.817284940220814       6.020866004629169       
4.538705899547823       5.521076367215154       4.664410391259426       
5.3708649328069         2.833626271218026       5.56492351685469        
5.729387423723503       5.2599971933693395      5.2832443517207555      
5.994735361327252       5.038668826936576       6.842725776863352       
6.0274498946617525      4.99843738327271        5.874761335464082       
5.17821874405789        5.0999854435975704      5.619898769709385       
4.8664135787970295      4.987010004338227       5.259490857796033       
4.633828026378888       4.705726832473603       4.6086037099002635      
3.2716795653298343      4.534050680000059       6.0663163351495495      
4.985831743466738       4.889663995820214       4.795810764609318       
4.416646495818032       5.394567225636457       4.958233551280332       
3.3930979628797084      5.120666022513962       4.451702284904836       
6.407620852261605       6.562565527493539       4.995313349385782       
4.387733198369205       5.717010393924806       5.047055499744679       
4.934190072621137       5.221947696390389       5.597450965833046       
3.9722096615352513      5.28541715842851        5.056179996726597       
3.92469206786261        6.571329034906359       6.881221803167955       
6.464485541128754       3.944397684772696       6.160746837781063       
4.359883495749418       4.988654898861406       4.456413989922466       
5.5311628884470005      6.077709691215138       2.9832863456214516      
4.514764648658898       4.351389368712297       5.367914647904626       
3.9479231575376263      4.903677999441397       4.610223741418826       
4.767481447220403       4.807390704585808       2.9797672491188165      
5.864682399079781       4.945787401606303       6.195690907149122       
5.0541135458068975      5.005853206472838       5.114970014461192       
4.506200637040525       5.808395132077283       4.363128310163731       
5.7128296793414926      4.295261808570489       3.2655748535584173      
5.2864550501085645      5.07260842115427        6.701054019860117       
5.738139331162762       5.158458071008091       4.30509211629709        
3.2274113613605606      5.500430544914101       5.882138723807999       
4.920961570013818       5.1707990445062775      3.9391778452931563      
5.273908229894943       5.890224005938615       6.725593781751074       
5.29640266161095        4.461633229178703       2.6632117698699576      
3.7795991525803965      5.3146932692339455      3.996003336699083       
5.765705955405703       4.373000291282098       5.568113331586344       
3.0162393622415733      6.639900963822747       5.804489937809534       
3.7118950814051406      3.635569732257003       7.053795353362307       
5.273218207333443       4.0903324928699005      4.9405128950859565      
4.432463761124476       4.5238413943430285      3.473436473212215       
3.934841858364792       4.727807493894867       5.8193297371707216      
5.425583209710073       4.404568616802755       5.41615119121137        
5.43153123116682        5.791007228287688       4.6517519640882306      
7.125064345990634       4.879604313849995       5.508070649481057       
4.214349984735485       6.318722729409843       5.403580299654066       
5.093549400708723       5.404317426029991       4.810942430537345       
5.265987425144384       4.787606243543613       4.920953357329171       
4.592035321666279       5.691454993534019       6.251764368966633       
6.312977480938326       4.447685020145856       4.782539370883425       
5.555023597021119       4.617486959845163       5.86143745891389        
6.275468365135103       5.021538332741252       5.7230117802238585      
4.334929442568705       2.916165718194583       4.096612597495012       
4.974275078684108       6.067924140639486       5.396317091951936       
4.948965102250441       4.257121165105954       5.373270227978602       
6.622625247280527       5.872139697551382       6.859824329039637       
5.000975774846517       4.621043252532924       5.0202340928036575      
5.240494472097393       4.476310397026236       4.728880274570798       
5.622900565775888       5.50500608602516        4.151844061364854       
4.594609405397608       7.200658237813046       5.780876260199142       
4.794749804812465       4.171729286294173       4.412798379338947       
4.085217943134609       5.737785771098556       6.526535776920924       
6.328528958207169       5.133955464917068       5.4368656609546         
6.163902816409479       5.136443594181375       4.07796598818359        
4.055991381965397       4.233948257387759       4.4131730102369495      
5.837280741687846       5.913731669985364       6.394208201662245       
6.677002551269865       5.940221064748844       4.158046861605396       
6.321450322220152       3.5865442563187937      6.034110554369381       
5.112952894874766       3.45174030762539        6.120995014921228       
6.112415683151641       4.11059380565166        5.029230700573555       
5.187865568088335       4.89206476946691        5.069018863111725       
6.29847446536177        6.37994608738498        4.383960833640943       
4.652491141719166       3.5978092114025046      5.391331496789846       
3.8661821820717703      3.051912853882172       4.559163197328449       
3.9109878499078157      3.431661101268038       5.390062512751585       
5.002895061972339       5.877367371291159       4.123187498047095       
5.0120534396026235      5.534785860006607       4.914946241508555       
5.884947507636612       6.2822382170442035      5.251725143177216       
5.291343184979919       3.959120306756484       4.950781302090658       
3.964934042045014       4.684875005549744       4.019345872979888       
4.214539157704371       5.927354325859952       4.838362899236632       
5.309467193406314       3.0428771058556263      4.896560039754953       
3.9961311262011865      4.356205382577608       6.570679033656947       
5.236305305164521       6.0682314674011515      2.963838341101265       
5.062058984879986       4.7188975779269215      3.596439793544059       
5.297806195054752       5.317786677445796       6.291392636436463       
4.6606169041510555      6.180044644189133       5.286205288361302       
5.726345931865209       5.743488755135502       4.399696704119732       
4.998323570285044       6.252899286360275       6.759630801647756       
3.5779013212995263      4.472659234787707       5.927795588841657       
5.122598114790189       6.065891272554036       3.8936117276663693      
4.462361037558781       4.000829052877549       5.495565881469236       
5.398518543774411       4.035046368913279       4.8110052784655535      
4.4226312081259         4.992788951717263       5.866003052807853       
4.928011751970112       4.7723200638639645      6.274164302612233       
6.000321331437601       5.919136562504653       5.458890768709833       
3.948288284591839       4.179080254421566       4.803329384635427       
4.259845964019675       4.691356340227746       3.853839702845102       
4.64612972887005        6.165982486296885       4.979149411643223       
4.6365601257555         3.42424823661252        4.452377071071656       
6.151047748344236       3.8472647551800665      4.414218706783288       
4.395959911242562       4.169566431059441       5.662935663332367       
3.580623746016411       6.1943785520199315      4.907295590050241       
3.5429402050653622      6.20037908884576        5.939330868786295       
5.392295747163179       4.753854339138582       5.244313121789517       
5.250096578680701       5.296656484052933       5.752498321230539       
5.773064511179872       5.259054217477262       5.957932049139855       
5.454970458960654       3.3123711657768573      4.339376673741321       
6.500924406727775       6.170164542696409       5.126236388916093       
5.335759601997904       4.990616151155859       4.651004394723615       
4.9693932788742075      4.195690598694898       4.135448588334426       
4.751845708797141       4.370096945486696       5.544513001158842       
5.070610442090068       4.15109765117317        6.402223998589239       
5.122779262234189       4.65230411910908        3.752379708568754       
2.725904386951694       5.588593697438983       5.080835078162464       
5.046061392141761       5.154130039574748       6.687191687727519       
4.510128127991953       5.320716177697636       4.245638552974153       
4.129132192079168       5.694500731514111       4.357630865743937       
4.745959516663309       4.245718663444643       4.081792595401484       
5.828990828572735       5.530329269736331       6.249617837548676       
5.874081173615525       4.600226781486512       5.71340349072876        
5.699011018336872       4.5655378415137555      5.092040718231633       
6.879166047977281       4.17164411706737        5.761316342168804       
5.568963992458054       4.0808669720145465      7.133354346315018       
4.455120554735816       6.156623791456475       2.9563286981088215      
4.665815322003595       4.739169881323711       3.716392352219359       
5.427336153506821       5.426434120432365       4.81860289974461        
4.386996986930588       4.592406367526879       4.955411895018744       
4.540264764901892       5.531946005708116       6.08758117399614        
4.210023268758831       3.881825673620474       4.8792076374536055      
6.558804363676066       4.490101553638281       5.1861018747222785      
3.5693679894395283      4.237952532527938       3.586911420558937       
5.841602417795512       5.126510402600366       5.216628009856356       
6.867082055218208       3.738732228917098       5.164761149426274       
4.225119972953494       6.851481524498626       4.861817077828524       
6.043924585432544       5.755442294750323       4.125824272064195       
5.571094629504964       4.5113039896068585      6.0580924410226125      
4.2459790626284715      4.4820028094225455      5.257688693027738       
5.984462308743549       4.32375281262604        5.912834410745744       
5.108540341071672       4.929957531342782       5.029560278624627       
2.852891296604003       6.111314356755389       4.908058195522502       
5.455088611783326       6.592381014801421       4.93573038605959        
4.582602975024045       7.164957222231464       5.224694343676297       
3.6560033528841274      4.0850064335366625      6.702715478416144       
5.262635052448207       5.69895667451688        4.218492929585603       
3.865814739022816       5.292749675758322       5.441954250730886       
6.253649003887333       5.49304162512974        4.411027797412143       
6.351100884135739       5.636537447982351       5.249187707340625       
5.423115810862727       5.560519633241888       4.662840822804407       
6.44928311017834        4.458501384429342       4.118603919174258       
3.876885112723908       6.779038208563097       4.971389581888162       
5.55262712557012        4.490731508957994       5.823727945518673       
4.744253289245771       3.804533577665398       4.806879383157372       
4.366470199821144       3.662314193194809       6.235454857160274       
6.804309032288866       6.061235488158731       4.603282474587917       
4.685275096822812       4.503871875996684       4.22410502805688        
4.320442135675232       4.328557091465615       4.998136834673541       
2.784967688551058       3.9147995212357047      4.428983099328211       
4.55291712989169        3.545940821615331       5.640069955277244       
5.9133784991147795      5.200211865490901       5.387402107810103       
5.316735962784934       5.4079840312877785      5.375013944542483       
5.908358315434744       5.49067491222149        4.358826461643262       
3.579400101344376       4.740696007708102       5.617636330141061       
6.0304839564935495      6.037894303554049       6.524827348155665       
4.906617938970802       4.0699043515505755      6.429092725335977       
6.004239244005673       3.7184438739341825      5.575582306001681       
6.454459803861361       5.526792625545777       3.7062742739617627      
4.625899598735799       7.492148971775608       5.079289829327966       
5.368773794781331       4.755282840909489       4.418102722165924       
4.687125414077313       4.300380273736452       4.930557203423376       
3.7233699938874323      5.488023734688079       4.576739552623099       
4.683142640668172       3.454027234384138       4.809173370726584       
3.6568686338458862      5.226479607136137       5.8278358834611215      
3.087840610990758       5.858002633549507       4.8018740596378455      
4.623698156803909       5.982722629963615       4.424958008631517       
4.301010493918686       5.137535777731707       4.761727494997144       
5.800641376995558       6.0768415004234075      6.3522939559123754      
5.606435574738629       4.124512240067603       5.801661976155738       
5.1510564375511585      5.876339098604582       5.763689164002561       
3.0224976199761318      5.304814408952808       4.733494851140552       
5.491781875517946       4.68602138659764        4.1101249424388         
3.5320339699039573      5.826743120127722       5.3416349048935405      
5.585602511333864       3.8493812039926976      4.405150774468106       
4.565366339114573       4.563655045040997       4.999976793212313       
5.437547970391938       5.229925716636628       4.344857399305758       
4.498741852798998       5.940063355661306       4.0581313997829564      
5.349409026225396       4.69439085429927        4.863858555569928       
5.091894879209166       6.147528048948795       5.806892912731385       
6.372129787524676       4.541102803693954       5.790349446054271       
5.080829330364336       4.707487751385193       6.357999433690297       
5.037834483153491       5.832778025929133       4.497674836429821       
6.561229196357857       5.675331771526177       3.365318152358096       
4.857295150930192       4.957801323081251       5.845011889391325       
4.939761031090611       4.934425169565882       5.092067116597672       
4.826535287492709       3.1720733789791993      4.352083121575931       
5.022958347237156       5.377054796741348       4.699048049523703       
5.607290448348836       4.939906632161347       4.469013104859868       
5.09298484840802        4.078174070303283       5.189010053088192       
5.348965295838986       4.138117137631761       6.0627069773663         
5.528617326781236       5.0897027272239415      6.85855300033425        
6.109151761053288       4.608574884054255       3.896630377070792       
3.956279966218035       4.7119166488265005      5.661988145273337       
6.195656984607738       5.128673403858908       5.5100012421311115      
5.461220100289915       4.32117409676008        4.99507796578463        
3.85142736599476        6.8632937249750885      5.818901264594217       
5.2390644577442345      5.5280105948986975      3.968344590219922       
3.4133052651262985      4.358862430011919       5.4229808611249615      
4.877007636357679       5.632425796826398       6.807181340898056       
3.92453094700045        3.4523349599123936      4.523007116138557       
5.745979153496258       4.591057910861596       5.204886157032021       
4.459199966275959       4.560180871470852       4.942392722104404       
4.57142716851682        5.4192403976827315      4.865603031921067       
5.4000947229470615      5.0778163745480756      6.178622033774525       
3.005956558021591       4.766306597550123       3.514746380431422       
4.89464680735953        4.796267388164217       4.573907766460537       
5.91368969016394        4.195883130640125       5.14368768696182        
3.567487054679308       5.427102667991819       4.965490119181804       
4.410200101053668       5.156450149843927       5.784585765827617       
3.7715629905855534      4.331009850719585       2.715963168358117       
3.741129604491951       6.200694679766654       2.6757272479050274      
3.9149077288612917      5.815090341687806       4.724339123234538       
6.943787365980374       4.630810291306292       5.542105702660617       
5.319196295132921       4.70110675426011        5.894150996201884       
4.251792674860013       5.174712959727219       5.349045634580495       
4.316585748547121       5.5212989374020225      4.25209780381156        
6.159082157279911       5.338936976161409       4.6407063778983675      
6.165563689793516       4.280118090856316       4.077534713597801       
5.332915114350791       5.854280442070855       6.7072388919010475      
4.593242617726745       5.784474492007619       4.2769352454379         
4.219292876108543       6.422310278311573       6.319391495632356       
4.11007869525309        4.549218862639288       4.868165016075915       
5.953232165945465       5.360359122857595       3.7300755398138477      
6.355834576657391       5.170518992135681       4.192626313282595       
6.0582975735986775      3.1373548998918164      4.380373536298693       
5.893113102048036       4.121815926366321       5.610544159912713       
4.422461259448529       2.7833876257879666      5.000670646287195       
4.2794721858294364      3.686203087618467       6.5252114642205745      
5.87207632790928        2.993428833635731       5.411838656793842       
3.874586173351807       5.5722986710528275      5.833156277032689       
4.3210595132276035      6.459186706837165       5.808036053649257       
5.533163254574844       5.250749335328233       5.307537958222113       
4.919329281884637       5.705294912636359       5.828091454527385       
5.895569809662572       4.916920057479282       5.063728172876406       
4.923661475547931       6.113698876173169       4.285685572575704       
5.589632689369561       5.23204607828715        4.799491374261422       
6.548486905187054       6.992922821786352       4.731940146008662       
5.658367708057568       4.903893099309179       4.557554806474317       
3.775408364845292       6.512392680602585       6.321468203771327       
6.5728925553203945      5.692379360035672       4.505907239018654       
5.020095673238012       5.219951377702708       5.2681552690163285      
6.091142840320252       4.2456201340070105      4.447141171262428       
4.803485530191462       6.213976607552365       3.5730959906779645      
4.896364498278751       5.990941208180957       5.067687917927287       
5.392369634832537       7.253087431221179       6.264604470917851       
4.007920252850823       6.152654635913475       4.074295052057299       
5.785814985163421       5.309899625173751       2.6451270495694574      
4.389988944578323       4.931338286170012       6.915834161521655       
6.323867738742393       4.98929424312474        3.705232389278347       
6.225879786413535       4.002449942101901       5.800515933640935       
5.3678594457630435      5.933118115468011       5.781260120988956       
5.200873085090604       4.688700640242403       5.276487179545028       
4.756920395892129       5.410956183160256       4.440588417813693       
4.024906549905131       5.528821209791105       5.235886935908672       
5.021304742872089       5.619517002417634       4.119172080168475       
4.651973687580398       5.151113261807716       4.94686707459997        
5.388845570311987       5.950944903515988       4.996003432552274       
5.283848311143655       4.930398842699493       4.403553476917401       
5.026667633481137       4.01096848275518        4.192626443105074       
5.7721535700239635      5.084983107247387       6.586095428595224       
4.931617341516713       5.584564309916987       3.785199940333142       
5.523714805482149       5.194875455480753       5.0730261427082155      
5.8477494302990465      4.754486381516578       5.616022669266105       
4.264604522490342       5.001131967876534       5.929947855298314       
4.9104497579489035      5.390174075906453       6.147892524695085       
4.036462496561744       6.710750357782372       5.8954105818903235      
4.309008788007238       4.368840138461666       4.472370603933955       
4.720215520701692       4.570566970474877       3.583196305095255       
6.520845329069219       5.3412995444713545      3.414125881975659       
5.456331786210164       5.007851497144678       6.793402139097113       
5.451971192779671       4.655823387601821       5.879934916208892       
4.487444529714654       6.415346064693079       2.954027488387526       
3.5562366765732847      6.1251279747411065      5.260017203588728       
3.9572676169518615      5.558423261558652       5.136582497853383       
4.219242037089175       6.8900075921202095      5.366516049907406       
3.619708315837897       4.13799527131831        5.491023785359806       
3.4395473006394295      6.115548222277619       4.53214448011325        
5.002137162096742       4.665172999367023       5.348630866827582       
4.891374333694819       5.499906929118115       4.846105331306495       
4.021307130961205       4.7134052718706005      5.674118245069457       
4.964763388755068       3.762788224002402       5.27044084736538        
4.211474425554854       4.739630162516292       4.4261468698855815      
3.922007411311136       5.033008345923822       6.186548542210701       
5.7601200219678415      5.141351715761449       4.7784524447878525      
4.451106152850235       5.343057934064545       5.892671034753366       
4.240922640624735       4.990965520022868       5.210730532340408       
5.4683126627667455      5.3285813060083544      6.553191656110254       
4.573076897613516       4.1251409175302935      4.712653425298817       
6.708723021777352       3.7522225194831713      5.116446420481473       
5.064211111779554       4.820671763526585       6.2621250890258615      
4.7213806268875596      4.527906070774471       5.293795653700048       
4.8063843035172855      4.9217670163845355      4.325881136033122       
4.84920209362402        4.659104483742133       5.0959163295175784      
5.909104385645289       5.360155359171228       3.872249565749855       
6.0749092308760595      3.985794082976541       6.353380561483778       
4.820400210848882       5.205409204535853       4.819850500760371       
4.818776005793245       5.566646408505825       6.363424574972736       
5.1849179589333305      6.0063552984799236      5.5948945642540675      
3.639725224711734       5.449740033583867       6.434610978634475       
3.6843433659194984      3.8770588689290273      4.326886228743156       
3.5883101864869626      7.040705012962352       3.3460609011732454      
2.7941827962401615      5.058610329236125       6.439523963628465       
6.848487557675313       3.5359943440871584      5.341836477166115       
5.9270713670376365      4.7367030114288555      5.88896306301943        
6.7822281044494375      4.724442753386314       5.6721417446999345      
5.030745186835539       4.529178377089895       3.515413851141786       
4.109419304907216       5.082072785585607       3.7227517150855904      
5.910828577549877       5.6626914281824385      4.724620601014599       
5.681617382852529       5.470830802457873       4.141817388647144       
4.925516286198844       4.677021350340992       5.332482775458793       
4.795044564463978       4.3520358018212955      3.991830657321776       
5.542854152205365       6.023444126380974       5.831320528897288       
4.7182207686915705      5.666994907185679       5.014697668142039       
4.10191653654439        5.261467176116281       4.700657348542258       
4.478176571461434       6.075430897864574       4.838025158475635       
5.629553192410082       4.357561846195302       6.060902386060899       
3.9044632827454833      4.35302131724464        4.030491897601415       
4.519775649782329       4.411048043308527       3.7476160307455073      
5.030282937320774       4.668762456984827       6.064065496365733       
5.314751206703877       5.836567053393226       4.307875677376202       
5.502538461854902       4.514329087815373       5.452456963252301       
5.435810162863131       5.119082687704168       4.128258263204514       
4.1569539768206765      4.591322095882709       5.528417517960583       
6.981053455379787       4.8315905070823675      5.941092816777413       
5.229597361854686       6.895104584056234       5.521548564676688       
4.963013573847027       5.145288177901293       4.302891692638438       
4.472189785971879       6.063905179668138       4.034874316056767       
4.9158205920968         5.658075085759057       4.6763667308175725      
6.2737466274729465      5.090052135391368       5.1444838616745825      
4.619744974662052       5.454671913702206       5.740768988539626       
6.291411310703392       5.493561772883794       4.187489792394793       
3.709395733693936       4.033413657356052       5.3079389574228735      
4.272707860295732       4.345671479892845       4.999097766701273       
5.928240593320902       6.083053056339472       5.895942739616679       
5.154410948723648       3.664899241803758       5.238917646524421       
5.970382266580169       5.317187149748141       5.950993614024538       
4.54511509969347        4.972581620236907       4.330612884584671       
5.63276038591825        4.208341819610982       4.159045961398406       
6.032140779515968       3.3500854314676642      3.9634423558120178      
5.076556953173983       5.257892075998991       5.741560300343834       
4.859611115785527       4.781415899677237       3.5041010141476425      
5.307423185758249       4.177512215500319       4.081534303047771       
7.36600895517422        4.03753788359756        4.201414127420315       
4.577188535210327       6.125739201472383       6.0955382646282         
3.7936483538851613      4.917978740301559       4.685838823667141       
3.844199661530922       5.362479851446372       3.8529805490910682      
4.84095384469812        4.0091902722244575      4.649714078607332       
5.07738207702942        4.874199447918524       4.79536359485666        
5.163946015604575       5.627282427356399       6.198257636263197       
6.928081538149066       6.6585792551278455      4.851840989149024       
4.541518426697312       5.232148474280633       5.273961005904914       
4.346806110550533       5.609131556084484       6.0420931280104275      
5.2316130781320505      4.70546838946874        6.238392347533926       
6.0891883880496795      5.550922319104156       5.126772357311422       
4.965254151813385       4.7239416842536075      4.8842203902206425      
4.470337431589648       4.505051576367085       3.6318769381049147      
4.310287933174112       4.918175067597202       4.616982955139959       
5.0674905318701695      5.49529557780201        4.96877193103813        
4.017682668049882       4.801259163747725       5.231144316545232       
4.326153113328305       4.596031916533834       5.031309080976481       
5.195619653072858       4.432551652008956       4.717326863189804       
4.506799638384379       4.008586025618148       5.83952809822598        
4.400728431905192       3.6327773234176         6.073603005591659       
7.234566880388708       5.461958449753233       3.7947100140903727      
6.395066781872551       5.951330636382174       5.492200273261297       
5.921981728943598       2.4505983598858636      5.595149782930111       
4.90215017506099        5.248544068158176       5.117642416653174       
4.317527219377309       4.847067720220586       5.17625625160284        
5.584319686867535       5.599266463329054       5.662016078741681       
3.8740864688878496      3.7580548376695826      4.851075908096617       
5.077365319187524       6.340486172111795       4.350831732279394       
6.953390633873952       4.526712432028851       6.886616760461362       
7.064072718369692       4.992732883925852       4.425441848064411       
5.588380345893633       5.439431843542649       4.082480532807792       
4.952773805536222       4.716956374141629       5.3795083959662255      
5.857475688240291       5.26966910600782        4.279157882863678       
4.1981536584467625      4.35288716564555        6.238881561415608       
3.0886498575019163      3.7719542268883552      5.687694572918986       
4.486003688787924       4.443640625245384       4.4101157276049925      
4.9131376375850415      5.578025245104284       5.707803693013574       
4.964108255306768       5.0618329571288685      4.699379080618747       
4.144245091974385       5.360450471133872       4.768934155550322       
4.34316732692914        3.628510340694758       3.575140057611949       
4.607347477792154       4.9826986789279895      3.9287608033003907      
6.199926307200755       4.730866362001092       5.860027636765709       
4.854932541458729       5.145965975301406       6.797775392878796       
3.1455025649608306      3.9947897347921795      3.6630106206232735      
6.806425691063962       5.048626112211572       5.236464309066373       
4.6536725661122755      7.429926841506013       4.753451391242743       
4.918828299676482       5.130277520890996       5.336572116472482       
4.3745722211036675      4.371733929410006       4.473058070797108       
7.034466395336577       6.147751770277948       4.650170958343107       
4.996908223084055       4.31579982426898        4.658386921145644       
3.969642880234055       5.207245835949323       4.649085311739619       
4.890332567140859       4.915594182191447       4.778099657380711       
4.527751014809985       4.979735007490839       3.5742067122756973      
3.464286191597449       7.269990533800658       5.1198629189845315      
5.732508845906173       6.712446501142782       5.607516054821916       
4.001374402090347       6.097161691722208       5.354899613773793       
4.461590236041018       4.6412347608023214      5.734500120995483       
4.916160709181678       4.5350390779956715      5.234411201736239       
6.35419624690362        5.38821481535112        6.083489284528946       
4.053333864321781       4.591104542194294       5.730518181730858       
7.29630807200843        6.622185935908871       5.297002991105332       
6.2277814373361595      6.083371970041244       4.970155315647177       
5.197346859607953       4.418856407561347       6.170900782783075       
3.3919615007744452      4.9926878634588645      6.025679029710745       
4.272237951472008       6.547259373150562       4.15026399806964        
5.935412986485109       4.372748343236758       5.794639722964119       
5.06976986402746        5.791777670780675       3.4691832641436626      
5.221268624826468       3.9817216094246763      4.532407535567319       
4.677785482052853       4.4119633141847086      4.8741301433569815      
5.705135113166181       4.735044129307074       5.668292133855526       
6.29346081705029        4.995206414555937       6.353124941010668       
6.576801778916741       4.466126077775257       3.7476594766057416      
4.724941658501335       3.722295384608066       2.7453827950291365      
6.009107701136708       3.5018738039105752      4.367526674675033       
6.630037330309671       4.9162107329105345      4.512395718655146       
5.360966640798329       4.468069299568101       5.318880190461136       
5.229202217634706       5.090615170413059       5.77509092275854        
5.06764710765368        4.669384964449818       3.65128330230138        
5.160751355215405       4.996346467761247       5.4897898421735025      
5.45769522684951        4.966948343134015       4.3875582794223105      
4.692787437199125       4.210499322751674       4.987670839170697       
5.207889943151114       4.927891469264817       4.0312594533554496      
4.5435539874459385      5.411195030116577       5.090226212392816       
4.231846322598834       4.134866067480756       5.90829570175326        
6.022644892790341       4.8131715838638405      4.313788989292917       
4.656953438198484       5.574712766125611       4.179261617612472       
5.2301312776213615      5.507765923865769       3.9555427998611195      
6.429664610846914       3.471428397675349       5.295555577122383       
5.061200167657447       5.659282647870246       5.491281804583261       
5.675117202031029       7.47526350138687        5.708976267830553       
5.519802178472215       4.782535525830632       5.474426479400691       
4.850751542728444       5.627717042878926       5.465395545223816       
4.94667831071425        5.293978390449627       5.706757470826249       
5.106141725956293       5.29299584471709        4.008804883111469       
2.3355419911312874      4.4827491999104         5.6589614157359245      
3.8516106881528787      5.228641020016834       3.0200127825251366      
3.817539069975443       4.766973170738858       4.70576269603136        
4.311322725757292       6.183871958667369       4.8787211623732905      
5.462163866947831       5.534542188092441       3.8771971927622833      
4.587768524676725       5.748253867875625       4.828181712038573       
5.229014591067246       4.573858865146179       3.619691747598598       
5.827610100578653       4.939793928488965       4.770197058704815       
5.5451678226612495      5.255113870821345       6.05479516746663        
4.012725940858004       5.060022169718764       4.985181957424958       
4.918238047536034       5.208455335034353       7.356838964307225       
5.82042608974046        3.5778484113653555      5.581503609025136       
5.036235770693715       4.414484233869112       2.952362088660627       
5.787423252590243       4.590359939129973       4.975689661942852       
4.114349435364676       5.576886426850954       5.76855739446164        
4.9410156473124776      4.309107928026385       5.942170267343754       
5.275724613622528       6.427856164981033       4.243278384705974       
4.62532911748526        3.5859086666726965      4.619805893107994       
5.213821120431181       4.168727789157897       4.895907343190018       
6.30487933148403        4.365751398093836       5.975135822877833       
5.81651147746666        4.704563069697127       4.444963217393301       
5.372127345008466       5.238330207251641       5.1984688929490055      
3.8203042749202187      4.491365168208365       5.513279417051063       
4.743872559330262       3.877213409494388       4.978325178953106       
3.840657437141826       5.490038453279278       4.729778139293405       
4.328446149123347       4.804608270349538       6.174387223020732       
4.978363767523315       6.1827874315364335      4.711109259585445       
5.605604681746095       4.853820319393469       4.175362681486691       
5.2479214697663075      5.5945515201960205      5.086863957820611       
5.867126689709707       5.215563495792365       4.080696042623082       
6.203872656170076       6.194247949565067       5.4613397920909055      
6.768329433976739       6.3810496338385905      4.344110065813041       
4.4028397953449225      6.58368714337733        5.564280224148505       
5.139338399709025       5.486175877198039       6.332218021410955       
4.411910128499136       4.461573657792388       3.3668476590980942      
4.868978162986315       5.042943143860034       3.942512442350861       
4.076391962938475       5.487739986040026       5.674052441033255       
4.976230107467378       5.133136600681459       4.3614526254349615      
7.119282970239076       3.855304887857884       3.8373435796123827      
4.426901300097878       5.9293420442294105      6.536125080995034       
5.773989635354695       7.435132930236509       4.550597807949863       
5.58499032310612        5.861754397485677       4.717144164248782       
4.128015276896006       4.274850163119836       5.58041176883167        
6.147227448128605       5.3386181831209045      5.455717270919889       
4.690243103374341       2.969602436743056       6.19784759584196        
6.724125476303336       5.387752514845359       5.797362896528301       
4.734751223717923       5.270626181667736       4.458351485630743       
6.014078689390939       4.347654796406679       2.949598811300178       
4.052246341266972       5.4226274796913385      5.299790194574929       
6.4400321687211         5.423409965246143       5.375655926482097       
5.307880238553459       5.7192823551257455      5.145961649820853       
5.130429246441998       5.08498059520282        4.5710350385004785      
3.8953516751333073      6.352382500517896       5.1086049469967705      
4.485132461404567       5.5922229557354015      4.772005127432264       
5.228795291175163       6.841634148935685       3.7986642326216318      
4.061341337028161       5.486452160156188       5.595322218636665       
6.373299093373149       4.37093273157552        5.213541524245786       
4.1402900180918305      5.326734333117381       5.577765659378151       
4.252771634599856       3.1887009011976843      5.260733573909289       
5.138122811736853       5.330274571313065       6.130509035020395       
5.29979822285472        5.597418818945511       4.600284024562434       
3.1621591388559867      4.945186041057434       5.573309838715571       
6.131378392189061       4.507934420074055       4.8904211182811075      
5.6930883570791515      3.4891480405046496      3.4656187832614904      
5.630871767857582       2.7656931351629046      4.518444078590142       
4.577567366147326       6.7969932325322455      5.467258789927701       
6.0163714073993475      5.852408255205113       4.40016658274441        
4.574154680965303       6.547027226241784       4.539495814894301       
5.1162029070452615      4.659614899931703       6.233448520962486       
4.162753420466456       6.832307378074185       5.144573692138315       
5.3461600699369445      4.877566284296592       3.4762313974643835      
4.559762777332859       5.087809508709258       4.599612100457332       
5.5174263103258845      4.937492671866135       4.4610050352340505      
5.377033045460867       5.900393053912222       5.235641487402582       
4.579807166306679       5.154207953135351       7.7080126035632235      
3.8881610574199725      3.552392330637353       5.017884434796706       
4.503191745518477       5.463995920583388       4.849119251389187       
6.848123443777984       4.406576784483874       4.796252224371048       
4.190359704791476       5.8968752453475135      5.99407787872109        
5.092577242181548       5.036186019953501       7.236910402740588       
4.344344527603881       3.775653552162678       5.608254592896553       
5.2269092544895965      4.3353809900758336      5.934585007520461       
5.72609545784285        4.29882126002493        3.9686284341110505      
5.629317371720005       5.288772350121299       7.281169495455521       
4.682567511495057       4.916827480606422       4.707117437801168       
4.828756117970308       4.014177085601063       4.899586557254838       
3.801164550700277       4.86402891345901        2.320962342174474       
6.446445730165707       4.491708967729995       6.123232997423512       
4.8024380960581965      6.011006766726622       5.991844435072279       
4.793177576605274       4.388674720226855       4.718644696178143       
5.777882818990646       5.997056641680634       4.594213478239619       
5.245716772168997       3.84150129232348        6.034898111054012       
5.905942678543476       4.964608275716353       6.593378027553629       
3.8188668129779493      3.71485978870743        4.517568351879691       
4.2259520885229644      5.587967906323444       5.173942396839133       
6.7009582297179         3.7086141722384527      3.9671866616456812      
2.969327688011442       5.510057304242663       5.28817160965095        
5.591002753001782       3.4390110834623235      4.246826692246492       
5.519908199917288       5.308643580416561       2.9653769602936704      
4.432708279311841       5.9620286294899         4.755170938070343       
6.167824019727158       5.832960957294434       3.783789448545782       
4.209335602238526       4.915355432141501       3.91261587024159        
4.358748900645529       4.63813567240326        5.496330638851323       
4.882071834008934       4.427796531816082       4.677389440886034       
6.486435269308817       3.6437897662078655      4.137792935536947       
6.498585448139523       5.054794624539995       3.8913122902140986      
4.2289374564748305      4.239335345085902       5.778729516833083       
6.368880435435798       4.791992136811677       3.800759892422417       
6.405579420744416       5.605355142432068       5.594279075874906       
5.789738373450574       4.33798463058053        5.766422018677426       
5.572820850033813       3.301039634538025       2.297954527090305       
5.838426562552457       4.754535949021726       4.266025971079608       
4.446716530589458       7.382480119362508       5.768425938191879       
5.77506325263771        5.733742162427985       4.646726144424234       
3.9063197193905412      3.1578788169592666      5.060784545297221       
3.9902005923487995      4.289272013852638       4.595913521060125       
6.3719705645636795      5.350022175202646       4.029914759645201       
6.115575982195157       4.502763353419614       7.312709337406762       
4.582610407514586       6.0373674824109855      3.9537437116746483      
4.576947808598811       4.882752504575408       5.437493316092845       
4.862966214202979       4.640399267615448       3.7680626902450896      
4.712502489782432       4.854472689974545       5.094084594288477       
6.574481276757785       4.2117904614302955      5.277554919964371       
3.7166770502877906      4.42757127351736        3.436885222700685       
5.984872536412421       4.617665955417519       4.659475162341828       
4.4162002199413815      3.2127105654006582      5.150348244554888       
5.335498651300377       4.185904795654059       4.399536539103556       
4.1003717002716         6.114915584069367       4.2892189885973115      
4.797389097594561       5.838449042167109       5.447004799369103       
4.8405225643392225      4.8507953732520175      5.500099856286691       
5.032510415949705       4.805596795721751       5.556356585055815       
5.517589292951615       5.557240931851695       6.060911336067624       
4.784685988085127       5.023066725094588       3.934847617696076       
4.439396183147019       4.831927428771562       6.839045150606041       
5.318530311495282       5.780682381839766       5.194159118678783       
5.650767558559977       5.424466401239261       6.8119197693665114      
4.56695748208211        3.087566649348756       4.63564935724256        
3.9074028926374846      5.580997248674526       4.334590514723663       
5.643550488022304       5.585475564361467       6.965298195617225       
4.498909476984502       5.369907772037167       5.514914430312121       
5.822182658770583       4.713451483802503       6.201516499120893       
5.5376805936994655      4.906745933824033       6.805310988877231       
5.448730521023452       5.423616975711907       3.7386542633481032      
5.5761679774447         4.09394541344244        4.812716653688311       
4.440800523905493       6.324852520515604       5.880566698149815       
4.170034644157384       7.02216144101614        5.1403602876478915      
4.881203414283903       4.044387832357098       5.665215324588024       
5.812611360876902       3.5565987826722427      6.65590804755352        
5.154971791760644       5.731185798363799       5.14720525801132        
3.457216688263995       4.973864194538877       3.60178147278972        
6.764796248161755       4.651614997294803       5.186500839623507       
5.655645363738784       5.108278866194152       4.938461756107995       
6.427556049100233       5.250690052242379       3.9839029402953243      
4.734432680994148       3.803712989358526       5.73347021900648        
4.214589035265359       4.878230815025562       5.4488499945433055      
3.1005573593014306      3.9987719616119746      5.181535949047698       
6.816404038761538       2.8270300580360375      4.757012514030052       
4.602079746866807       5.708621799834114       6.01364549116599        
5.233342448408954       4.372417779760372       5.095363622611816       
4.391179772956144       3.4202046579800673      4.280391917632102       
4.270430217281338       5.97070050199024        4.725056033063986       
4.581533199024254       4.616951534413044       4.541360264743803       
3.9402392324314395      4.79704560659933        4.420625838377301       
4.029333264385166       5.011124869769624       6.151891514853032       
3.4917712867508763      5.1533054180463544      5.559379078172794       
6.710098227712311       5.75822374524182        4.885409033546032       
4.44565986951922        3.751447700395932       4.661594081373951       
4.981447024839709       5.752769792119351       5.288167739091427       
5.9311776414002315      6.125359173751799       5.905274698761971       
5.2793450904043615      5.661366155397257       6.524561414818252       
5.793732815541551       3.565841806518762       4.709163268178611       
5.577025400179222       5.203302640806779       4.119717372824952       
6.448183432317798       4.977132469419811       3.501764978098065       
6.775056507808892       5.965657048311699       3.5898926389049333      
4.527438325918731       5.0007326489826704      5.426497821496873       
4.127896764099823       5.784248072318086       4.857243648723718       
4.012204768826944       5.457183895115085       4.3380489630468855      
4.262652198405178       4.909768359681234       4.3525043526178395      
4.780847474454953       4.4337776575569166      6.059512903054438       
4.694492566501841       3.7149827414092105      4.762482480499149       
4.35043288290053        4.3379367168244425      4.3955301382643155      
6.221604298068538       5.922299179431918       5.093526078814866       
5.646516922974395       5.343875663597141       5.424806853567547       
4.394247092305314       4.3730417584800225      4.867060489233395       
4.87136291396123        4.624198481040323       4.748706370078643       
3.739993070681636       7.072205472303028       4.124905861407489       
5.738115570807224       5.47007731699846        4.979049873583037       
5.366455034179774       5.800520506012917       4.9232876332161455      
5.909518637362912       4.949820444435271       5.553792433189977       
6.0095904165341185      4.73749750473129        5.643296853145497       
5.303792302749454       4.513435035015892       5.416451182784727       
4.82574781459022        5.651208331925624       4.647889081333852       
5.518531862818786       4.8021123227555425      3.114829078313739       
5.726838628168815       6.468234494900787       5.822608935813808       
4.791991335640457       6.210881562452216       4.690536635997909       
3.8745851655603714      5.094130920131152       4.707794783477664       
3.993544940123293       5.4837078268323225      4.361751277082042       
5.088403538719837       3.7988772093916294      5.272795597823531       
4.389592859855714       6.436402096544869       4.040807967655006       
6.415156208133426       4.380013040881898       2.5165741824534535      
5.996883004148007       3.895942320084959       6.508755296617126       
6.7653884705765         6.987173047623373       5.205160604572759       
4.7001406295674615      5.027812903739069       5.5792178933180985      
5.425879367531593       5.991947336137309       4.8536213227221365      
6.36457135708836        5.500248213182917       5.123974959775196       
5.222415282280608       4.574069669644347       4.542877995462419       
5.075372718308426       4.219932694684266       5.883130661892767       
5.497305708595971       3.9204748391663373      4.259658282685347       
5.564102905299914       3.9020668533315295      5.00913916456329        
5.441531891690918       5.343503786273661       6.319223322917509       
4.591234542836954       4.678201391394561       4.381908000248667       
3.5670206490281298      5.658187722948635       5.448712653238627       
6.712117357259822       2.89863565840029        3.852058811977357       
5.7817684950514625      4.55008888057435        4.384178835469358       
5.983186205461007       5.658037974697545       6.925844166897547       
6.117825765270583       5.445252790632971       5.89485351649284        
3.4102801555446947      5.50905028362206        6.0210928370756935      
3.3170327605547283      6.166791070865235       4.158025021471421       
4.699401417657214       6.934935071123051       4.641601543265079       
5.0932198732542995      5.571790685907138       4.004656900232442       
4.399810696157833       5.7594728291481765      5.744453255577007       