10.392938371195724
10.147246426763974
10.538325894020204
11.570502466135032
12.11440959126948
11.520731973087251
12.412933816580903
11.382584887445827
10.347325729079873
9.396561412359562
8.435875085140067
8.318424045126235
6.886412923993658
5.375374286776092
5.445909246183875
5.700990811464072
4.362936660203373
4.31681704123824
5.170693303879375
5.449262566335792
6.019282864264312
6.844605189684108
6.96258973278001
7.023189588578855
7.409707410509385
6.621398774868028
6.54433172472689
5.962721511288452
5.641946115055755
5.765052468345553
4.0842098798901505
4.166302124722481
3.6152075043811913
3.2991751457700724
2.862906167109395
2.499041498783259
2.7598819685566744
3.883635759010579
4.302640953349017
3.8199317502401424
4.497424956422551
3.887629398016528
4.614980407444943
5.001738894964009
5.9266651164703585
4.525910730793013
4.628247793002398
5.093101077664453
3.4777018038852114
2.8874644211677896
1.0917382791423198
1.7223552250424115
0.5886583307107048
-0.06478939734317124
-0.8138777522630553
-1.0162774747839607
-0.68942722964895
0.15272860361634033
1.0342906966985528
0.9278769180928033
1.9386275659245413
2.4668408619876416
3.1744299910829934
3.7772510299449005
4.440156526938866
3.040909029503206
4.29877110269835
2.9402581593498507
2.3339078472686943
2.4372402909542044
0.7409440860631054
1.5509782829084284
0.30376637873694773
-0.1371487900631313
-2.0379208510869535
-1.1861362411099146
-1.3684764159150489
-2.076167182767297
-1.826268413554756
-0.34333355031611745
-0.6119862000745775
0.6496821925921639
0.8624455824942784
0.93904371546998
2.2950856245969136
2.258820940987104
1.2555495468486138
0.43337797712862414
0.6240541691002965
0.37947158447253726
0.509917660902726
0.6096167434314653
-1.0946882908431765
-0.6030994219596695
-1.1224005803578203
-0.9420773497613162
-1.8705657406727825
-1.0653899817713806
-0.9439672876115
-0.21682957343187848
0.6757753612363308
1.5096417081860858
0.8322264139179214
1.193876372384905
1.718008013640241
2.3481286733324875
2.47519171501843
1.4684961960364764
1.5076365404146037
-0.08864900780661433
-0.9159432586015746
-1.501797024787897
-2.4352982677009507
-1.5367001412723198
-2.7420637279830165
-2.3197789022501825
-2.0463687154806873
-1.7268068091745854
-2.151246857743163
0.5637230817024179
1.2106831513232135
0.6302394792558641
1.549601812476648
2.627893234114212
3.8392943970196907
4.241780822661775
2.806489548119837
3.221643496125667
3.319399294385512
1.9610664838768095
2.011665124527455
0.22246265921657282
0.4906655703015917
0.5077474101634845
0.3768639539301283
-1.6162684192439678
-0.9053522513017291
-1.1450007519638903
-0.27113646276682785
0.44113453739976094
0.13713436790131017
1.1794631524898758
3.048847563363039
2.859150030084076
3.039644640416164
3.8825329287578993
3.944478717166338
2.483353115219073
3.5919128131635913
3.5415869162467413
1.8318757684139175
2.700895655363344
1.4065552111801094
1.2447444571285762
1.9017685172171015
0.8973033960537595
2.276924252237645
3.152571018128747
3.326943453412074
3.456914151802281
4.125947821592776
5.426584798336555
5.591693446256059
5.0618947974403765
6.319388976426436
6.854687405786823
5.776312031372203
6.657134665593817
5.860165566051931
4.9698030199417795
4.753768924747505
2.8679715455051586
3.981316225250075
3.608082816125024
3.680337899408749
2.232743342180428
2.480088522489609
3.146958217593931
4.402134433313809
5.315645965298774
6.524436757461807
6.579454856128223
7.60742198965453
9.571161624537286
9.45144679981185
10.490395471805549
9.026258176900903
10.036110862240907
10.529326222264498
9.416677294263001
8.161710507728873
8.655839754917276
7.487240134032249
7.672786388075877
6.148460181310563
7.296800718702716
6.22234906917222
7.975474839226781
7.933416560672612
7.869116103088173