0.00402039182939562 2.0920541462050912
0.13144169649653692 4.461165919401433
0.8842794370660909 85.76943739276614
0.507264311810753 13.812779903423728
0.4144773415530635 12.36628779137507
0.586066978949447 51.014026957360976
0.7814840219129658 51.500902150755465
0.5954782082380788 50.24688921536094
0.9796767187066558 153.91093322161828
0.8968299931033595 99.52980961786012
0.20163810674201177 6.761276995200772
0.9755522051232786 139.12399905999777
0.07889082001043768 2.5315557861012303
0.4891419611718105 18.17590535733002
0.8509858507860057 119.42735615003977
0.9167043737813544 177.88614215130912
0.2016500932854135 5.720533906820389
0.25791087821751857 5.63396247181534
0.8138861958402915 67.50901250604466
0.34199552497789165 6.593988573228664
0.18574066838382453 5.34287797633224
0.763707009801519 113.94078669161878
0.5194730333627442 36.426878125467795
0.4776131185743975 16.5137403344384
0.43991763873862366 23.350355315883053
0.6025261347626232 22.652773126415173
0.6939569644763024 51.748120315221705
0.18686014183950306 5.21283690589938
0.3329215641029801 6.492495289267581
0.24716352080876225 4.603215350309411
0.798970763735675 146.98650225691148
0.11922783764419431 2.769532862374852
0.6058828031849459 55.144251476337985
0.2827518082070837 4.518703453267183
0.9362266236908425 186.61457579006668
0.1551207146306176 4.555834720109615
0.02753704983768379 3.5623872132249508
0.05338027791922928 3.2455707716388034
0.993614462099369 150.16935693720112
0.36867817635628397 12.731296941785459
0.0013096600121811353 1.3637107111215876
0.08934337106756818 4.073015212323366
0.09101146183383357 4.154066032481541
0.9944037595221314 227.41417599260777
0.8956744610879452 161.159062865376
0.7067073850438528 53.261732800147094
0.8171300912585346 86.29499260426188
0.4823771026691792 15.432212582729708
0.1724015081887431 6.5792703240645425
0.8514941664847399 97.94945668925716
0.36540590215275615 14.739354322456801
0.14114261852421361 4.461297116586637
0.48215701672667555 25.214925476509144
0.5567122734895733 24.223853008363136
0.9495485157149642 152.14592528273812
0.3280271677523624 12.5359534630214
0.49401095941575157 16.550633634652186
0.9735027129410145 160.71771455799026
0.5221172902870211 33.48627303214354
0.04671689206423835 3.055342323407946
0.23447770286637037 7.183935369463222
0.868049038494052 157.08109651836668
0.9639889623285958 241.4959522691437
0.6255183204510507 24.739780945293607
0.7193529274021737 38.72699223584395
0.7898333434492046 61.311092885280694
0.7162933477225919 51.48602027770496
0.2136019414045256 4.162807522332419
0.8084924217214154 99.79551414929082
0.06816818256393786 2.621530732145385
0.8583519827974979 109.4830892591347
0.9791147285752162 135.45119629505288
0.29852909742421896 6.485140011783306
0.047159678210829115 2.0028841284185326
0.24415355319213017 5.126302506060043
0.0862545368108446 4.2732061707224505
0.7038274229675666 85.47095448301474
0.372889548838945 16.489588851934716
0.6571205258262047 33.81996064390446
0.10232718158077492 2.9606800998851086
0.9670170462330344 197.12379753106728
0.5360278210961364 15.774236264105319
0.060464004135310834 3.3332003120210745
0.918927743385 203.77079493366531
0.459916528520961 14.867253354569897
0.034749534161109596 1.7474102804201657
0.7992226691881079 133.42380894303253
0.9829680098984391 216.89333756575382
0.4750526313536326 23.479628849707193
0.46938070120222697 19.003521563270013
0.4725825980021693 21.800843526436232
0.6050853819060833 29.00689447838702
0.3554629293611923 6.866609851469729
0.09232975741062843 3.2160170885816988
0.6611623600064255 65.34513798302208
0.5999301460163515 54.09956689570526
0.9488484055971795 142.8381937804856
0.8476172253703544 78.97278542190946
0.5668905534223487 27.885680635950123
0.04132081493833162 2.4688700353640445
0.7205627868864336 64.82784739644438
0.12304266500181837 5.5534132940960275
0.6851686934451187 59.177196949591114
0.0482151840820626 3.3027778917910346
0.6080580253421435 44.620237996311495
0.9078139392233817 97.61171489504811
0.4337954274087469 24.02764992701705
0.6393684474792499 57.48844476980589
0.9330890576806458 108.50031731494107
0.0854572381993377 3.57278219786715
0.9595649863506982 277.3229017311038
0.27201530462288614 7.145337463126257
0.9627165114184714 210.1358892591261
0.8668407639960368 86.96636238825987
0.764009079284008 74.57202965779118
0.6485904838069692 59.281027876648345
0.4338626902389232 10.447555408858832
0.9540378945922909 317.8332041495744
0.8072085285023349 129.72896357969577
0.17667189054523924 3.074508816065455
0.5918088854956381 38.20100824167415
0.04391291772803774 2.3803693839356095
0.8074510059553629 86.89211346665293
0.23083560525916802 7.311255379536797
0.2887684171378042 7.004525752371493
0.5397657759808872 19.74969367440529
0.6034510362499201 27.20508589440414
0.20067007734976527 6.505613140055694
0.04671788867861959 1.3405745717010997
0.3481652650605054 11.018088226882144
0.6992912938385598 68.48288379381965
0.5730119070623665 21.405499332077113
0.6652945360570218 48.74688049329758
0.41395290909095184 8.572633584224214
0.8666406657349067 156.37514069133405
0.7314647204990473 54.66647859363265
0.7585906641454951 84.31387259012398
0.674117500211052 40.71943951179168
0.2767531212493971 8.311234460444508
0.9352508410620034 251.63723242166566
0.9053424286970507 164.49024850593702
0.670197080905395 40.3976204351595
0.7584505941438974 80.14297371187001
0.42076258285434587 10.353415811870391
0.9066071088617796 160.42621938117568
0.9346933108907596 273.03691760168243
0.845917359660314 160.24978845835008
0.7861078327390107 83.34781668001068
0.9985975579850621 199.6870572897548
0.7444455147194128 59.199896708873645
0.17917377151017155 5.830836957705369
0.6339685413404468 37.758388741789865
0.06580683210317817 2.9989702379375385
0.4932135825485219 13.956835656617884
0.5001425233389294 27.4953260379169
0.2239825207647571 8.377491907850887
0.9864197281067649 180.50166304428478
0.361909472982215 13.118011864420838
0.8808036417569147 93.00876260421175
0.8251036657575451 168.17821002837778
0.5132791500268667 32.659049664587236
0.9339747340862974 248.22909864379446
0.4852230363510507 21.467044298182074
0.6701460522197776 39.18808872800591
0.13317876722254396 5.518385122506179
0.051478927551594444 3.948128673104411
0.2357046651255844 7.208557353291329
0.7852289269581061 86.54338125080452
0.4583061945610648 14.595664704216523
0.3925957832391932 13.179427677445078
0.8401437624429988 96.5573105737073
0.9844420251627647 305.5800038656151
0.32749390949979884 9.016453243481319
0.7673498080233203 47.60595889685455
0.47704861269137133 13.609213262509476
0.9919576597106319 190.04329889674278
0.8242158390470192 67.18003321693564
0.9533871914204785 226.06942582235794
0.7145438021418049 40.49960873448154
0.7521135338160032 68.22278981919804
0.600483198773815 27.737275736600466
0.3654885813407065 7.068226694108994
0.5993825425790659 33.360811932094805
0.8328934505186154 91.94232476283871
0.7528390129758095 115.0311192588163
0.4472491666547723 14.143071977880217
0.39723202676709335 16.584177598098986
0.9197813518050232 144.76839018877004
0.2886756405110176 6.747790820013362
0.5640099564873126 42.1899714847692
0.6025330793586168 50.152099025874996
0.034422505761634525 2.5634682276139067
0.5097061747885241 13.505391456972871
0.06387069267255874 3.1106197389602817
0.7868180965778132 79.9835298399055
0.6496986536673613 26.22676352207799
0.5112552642800867 34.0855545967964
0.30889043375480063 5.395309022514011
0.6267134549709588 31.942777907756074
0.981482800029429 226.82266977977034
0.9525689185284647 175.4802580531392
0.09961533017412694 3.1106364628742593
0.30104732476172535 5.2949761727688305
0.12873999642506162 4.0814922241231075
0.19808619469093647 6.463506136124218
0.9126454552057489 99.4419368223646
0.12995091562544492 3.846191132813778
0.14214535923991478 3.341317474985062
0.5557242547178199 16.307833037252102
0.16250255854318596 2.53175997948536
0.5439767034271137 28.14681351825061
0.8715702541176942 149.16339236667247
0.7507970167099833 61.666372268256346
0.5699151874400422 22.843527090330088
0.005883067182155255 2.1382136760684083
0.1417549878513189 4.497787041135191
0.8522630830945248 104.52195409864204
0.0049222559089433515 2.3400339661631104
0.5018102846657179 24.50193246131448
0.41421146682062815 19.034048541858613
0.19287206976257587 6.2448811578826975
0.4520832632008792 11.506270453966874
0.5638168773921003 18.260680527173474
0.9455010868254591 222.99443947140952
0.8670208747671041 103.03410796181966
0.39008513751696994 9.627651526957589
0.11101362857065766 3.3799299828901512
0.7212045193859474 48.18942918538508
0.2370526930351301 3.36547201389857
0.5868592639065816 34.0512199320014
0.3014250719803452 7.154901715006733
0.6349104023319535 42.396386950441276
0.31983491355998916 5.5265594196836965
0.7909706429281798 106.28559722737509
0.6748373382429342 55.69994561963425
0.4716694437287914 27.44862842495701
0.6549881919369929 29.335553536229096
0.9183673486009843 143.82695040172183
0.16141693725960682 3.7932851594271564
0.7746886444590714 87.74741810012158
0.3159098342742268 5.295105072747087
0.3957027268451756 18.910040757152174
0.7775251178208046 131.1065616345318
0.2693525227120773 5.832537445451155
0.13656865073933588 3.037884750225338
0.2268228253303144 4.936792248746182
0.6388064018587764 61.239413341692355
0.21703161148128336 4.640797180783752
0.9453155189740106 130.91781680207725
0.9330483812706517 286.2887300805229
0.9503014077421646 150.79148426968717
0.28590500438225186 4.945410352230559
0.0422602701194128 1.4593584534972857
0.9636744959743363 261.23451512516215
0.328307563543782 6.848434797405587
0.4807888566835905 20.744981849819464
0.11123876991244297 3.297520242592719
0.4416246390783656 21.721320777791796
0.38301627230947344 13.743435819429218
0.9936779500540979 235.49040912702853
0.7030191113106861 39.07091783328338
0.8353675658882865 105.66776125406386
0.30474640465412917 12.090151079728058
0.8290463415509217 121.22349192805756
0.5607754359729641 36.22479575148572
0.6271140712805413 40.93426528374785
0.43660173959327864 22.062694288224296
0.7176181172588545 94.01326883496232
0.5262780694251418 33.57330199613402
0.6474474670288377 42.6245217072344
0.8509526356173136 176.53162360373386
0.03210589528069974 3.0830222555482094
0.26234038508590585 8.756826995189428
0.5619852328633806 37.509595475553965
0.24179011717819865 5.587185994727985
0.1860484385746881 3.329650042026714
0.487730520872681 15.340082163242945
0.1304039499866192 3.0669686540442456
0.8740130752930957 177.54571752860508
0.3976409083715766 10.082809723444917
0.29168945999978824 6.11410938898643
0.8651832939996472 191.82358643821732
0.21519028739367096 6.989344627940912
0.6802856558530641 66.55497097525566
0.004052940868308208 2.1976825590072036
0.31230056708719844 10.155033563667185
0.22646031663645994 4.785245511173995
0.830295140461219 126.96290292522188
0.34498263505006366 14.80496991159521
0.35700909409660186 9.961963676926253
0.40485657388237284 9.89954358944092
0.34932438823107004 10.085769630936767
0.7180345547816606 40.79595058989652
0.18638553652583878 4.6941872279220185
0.023386427347485417 2.2574899065964766
0.40822552374942156 18.828870521418732
0.5479691564238995 17.31589881416338
0.8136918045858297 97.8747338869447
0.11151610178944227 3.252685253888414
0.9349076078101474 229.6975255148325
0.4285494879505106 18.80191223393185
0.02964946681222158 1.9573342809192331
0.9505413180948612 233.5555745151801
0.17116877003095632 3.683076948479633
0.05803674539650583 2.6611599247078574
0.01331271753739327 3.241907139379357
0.2865439035651999 5.276452736281245
0.5877390955711432 27.041179895937592
0.5374648964291939 15.981106799950732
0.8733216749010504 103.7364639300269
0.15735959081016004 4.483962238118334
0.5086808713843081 13.442554853575782
0.5260239217021576 26.161370526536615
0.5324501125958122 36.505221258560134
0.9822680961984417 254.84458575979934
0.6985681291365905 42.78618450481145
0.5969566553268925 30.767689132698898
0.33896678839443395 7.223827472868478
0.9621974452955669 171.34342650342398
0.9587693469112686 257.37727191432435
0.8267975666457955 149.51942300344442
0.5101866997945694 16.983739954193727
0.6413515974852815 39.10558691037927
0.14052634776641804 5.636111190232344
0.7558369904757362 82.80021303847317
0.8176895557134601 64.34983030534974
0.1957266862459469 6.762092332008898
0.5076620016380142 29.263902274557193
0.5002554773991583 17.833092284569055
0.6101561778885514 49.4331817074325
0.7811425529669727 57.9161231661933
0.20456802240005867 4.654762672042381
0.363179643708312 8.503740766676282
0.5470751100469766 17.74332953830212
0.915804733874455 245.8177458724613
0.6253487920496614 53.4600265192786
0.9602949484965814 125.94296768454655
0.6136178781603091 24.116588781236914
0.3471540363300172 13.353335609167749
0.9114931716204684 255.6076344914055
0.8407486097084776 89.80115508802973
0.7375180310754126 103.55538445864441
0.26160887244583175 4.999778046622198
0.8308593614546614 162.73544051950515
0.9640457962706889 147.83270054188424
0.24897920270376195 6.493147292541666
0.47649114982413787 20.776505525767938
0.5513701776164592 18.13765213574819
0.4789915553904168 25.239563031193327
0.2940964585798139 4.826276849065087
0.39529594199089046 18.05621179933307
0.8829292514883157 92.70946360070155
0.9195321370429401 152.2953218320338
0.6307281335624279 39.18741960361836
0.437541771840505 10.420327689123214
0.7624988509681492 77.87987602858936
0.9953482149639146 161.03142058756293
0.9781941783289098 169.19047540087462
0.47576298682355245 12.398935648535172
0.439534770242461 11.157415211480643
0.4373917933534014 17.284556709443372
0.3004892074664517 7.6245711859819725
0.44824005827038316 12.292964937507131
0.251574730500267 5.848175754125517
0.2759425023167711 10.101288173059402
0.003598450063869496 2.8614088108181206
0.12309979650940184 3.9681391181500305
0.018599567072293266 2.1069354334542085
0.2388804018720242 6.238481064950692
0.5312477671261683 17.08896188670867
0.13837983179573166 3.992927273888747
0.6069359093496424 38.46787770757695
0.7475746438155926 82.49820648584858
0.3313785149034648 13.829290242438056
0.81318667277187 113.25685945615633
0.7124005056226141 36.400351393852524
0.8228689692990487 71.0260828973041
0.5166659183976485 23.249400231115718
0.7072013488780278 40.33435707122178
0.5404417046630967 31.648161473994953
0.813941422517856 71.96731484566939
0.9984265736296252 248.828995127463
0.6868003924769326 63.54129019874302
0.48132935196654825 13.668185812418436
0.32632649780144196 8.043787591511393
0.7733224900024709 116.62460393076339
0.30340346336419666 9.846677536879096
0.19771230886151703 3.865521451915555
0.7376934790280947 41.68078693133135
0.6570862699275566 64.08207320965478
0.6673531766659496 53.248075695789666
0.7571766641388636 86.51237406365168
0.17659348650064222 3.7883772035892687
0.09938566252509196 3.097658291798242
0.8011354614555256 75.77633448379396
0.761534329691307 59.61484849505321
0.3146618688559414 9.529354125487934
0.6187088579871853 47.792552190752126
0.09811601341357667 2.214058018947546
0.6133215416438017 23.436476261838102
0.42816532150323383 10.819216173708947
0.6031404227238051 47.90236096772063
0.48035734155185406 15.005741314173479
0.02154700084287442 2.071703481008996
0.7858872841233576 66.30330925225803
0.9984789555370072 153.92728985612518
0.38912218191021275 15.9126022939977
0.6081071333316579 38.46620938314837
0.058429608687258994 3.33146901546661
0.6121593574191819 58.570579734223664
0.10373433875522864 4.2694561201503385
0.4110840000996151 13.47217400475636
0.17873120990120195 5.685734859583613
0.19736670483334917 3.8678172834764015
0.07333829850487517 4.107836487122122
0.17866190337105914 3.321574787058335
0.30727867384943264 10.279601145598761
0.4348990338998895 10.334891215172602
0.07328091847902918 3.212652557578148
0.8897890311016075 116.09857576495519
0.39298162636555134 9.441208740400397
0.8298169314366985 111.5295360153089
0.7511332421710702 44.20814387696302
0.734952813787742 69.07972367193939
0.6360594284675569 59.66353671124082
0.2393016266016753 4.487572051572612
0.5752371470694878 34.7179310291137
0.5502358955683042 34.612690100599885
0.8996241778519685 167.0525570038922
0.7423010596190467 61.67828876807356
0.9191389293119069 139.13366242578476
0.2244546723666111 3.912737136061298
0.5678816335008473 46.057859759310766
0.7851067059136158 64.44980921181988
0.8535379255431806 157.9548488931281
0.9509770801799956 133.66978158887824
0.7924223252066288 103.79158213697991
0.07406766066612225 2.509235042707209
0.5840497287940662 26.979236779802953
0.9322245384453381 121.2599854103067
0.9637841399605696 325.49711715399445
0.972607448794341 201.52858830439516
0.8742601891936239 84.62489283612669
0.21013548282026462 8.025552254231357
0.14876724150471254 6.134359840156593
0.1763020509444525 3.774616180573018
0.18468194785870984 4.762283401103641
0.1667794463910378 5.942835815008543
0.8364048664172826 110.76848519404241
0.25249705467079375 6.946747679703274
0.9766303180286123 336.8898248235766
0.027474990863606497 1.5775211525618993
0.046873217185776195 2.384863941417008
0.42349860024706953 8.618573257152924
0.973666548708997 190.91773421019417
0.15971880995450738 3.114762243078184
0.3531705851348741 6.841372463213556
0.9971190829626945 358.879890484418
0.6846228402881667 65.44946217896793
0.15543018892526228 3.610070475529552
0.05153225861255972 2.964848720792312
0.9183338573465268 227.3733674324864
0.9612624469372556 196.45336689051513
0.969074535413796 227.2440255744533
0.48271177472569393 14.099907292433109
0.542400827019877 25.97070337198317
0.43790653045839445 20.925849386545092
0.4393675102613738 16.032328794163515
0.6622591678302404 41.20644293684667
0.7940242483474697 81.89794205947669
0.5203181145032999 21.960148398447
0.3889468606829519 17.73963221531831
0.8277705987023898 169.10542231108462
0.10378400969634904 2.0827304293523747
0.12707506564017423 5.458549976156338
0.7949676396066144 56.464180749272735
0.6024754454862365 26.802144167424636
0.0426803818920487 1.938329892812514
0.8602348461314232 79.62398617376999
0.04447177135805258 2.118729965939967
0.9268026431543821 105.77076063996661
0.5039841534810002 21.94856124945974
0.44382153062091123 20.911144168556476
0.4891110773044802 22.691754591596634
0.6410073502069688 53.58178781130085
0.4542726517491419 23.13986099636292
0.43199617768340015 13.24701973746258
0.06438637687864024 2.6617876045856
0.12602563056791738 3.7638068361126256
0.3651236333401622 8.123345428528264
0.03936775545057836 1.7871428952996848
0.8391470004073027 111.58895045673805
0.3807050503469036 12.912996372215279
0.4654371791754337 17.42898540629519
0.0021680994807888876 1.2834842399062238
0.9720157212577659 317.04530408859625
0.48257575446457146 28.466474501122352
0.02304954367756029 2.1105210171058846
0.8497255823536881 119.66647532613531
0.8667163603326128 101.70533789196664
0.4566921842829218 21.32958693004116
0.9209823321432477 100.75771682953733
0.6111918308029682 25.390956237895086
0.9261937965094859 126.26113149291436
0.8825810553930415 88.89906858918087
0.8837482731964755 89.45830662524864
0.9087558015301483 102.82875614077282
0.9481751843424824 165.57617899480053
0.3216536414090856 6.905747237546434
0.9376724188255994 171.16091730890966
0.11395593640469603 2.565782141100354
0.6154529455103771 36.11614869424916
0.703929325441989 53.28227360592827
0.6100229882934611 29.56801747969722
0.33180172578952705 10.922783811434812
0.9214143158255304 203.22037235835697
0.5287589448030344 15.639000573150348
0.7091823720020531 58.90875899414486
0.9903359469545192 162.76716162745728
0.26776324084125047 7.4054030007765155
0.4695588108196651 26.078254544120696
0.3365927944862287 9.410265846312521
0.08836510040460865 3.0094008642643093
0.2192850072584437 4.113039430390422
0.7559349792616197 51.61579539221222
0.9419265225428477 156.77282567306207
0.9663502605027476 280.82460419780233
0.9697819854546919 296.94913707591405
0.6753846981230467 47.07077992471949
0.5068820095114902 17.868028478951075
0.921776020850998 167.76386587072167
0.6289481343188329 39.11186381831591
0.10980950554049285 2.912554672496675
0.309244828823245 6.973208019377124
0.927635391227865 127.51561231815951
0.051228030174196304 1.836899204744407
0.4806359162386479 17.310104189929618
0.9466217369644879 281.37618181036515
0.5918283740219911 23.57716769936202
0.028879658917211115 3.6907549687893497
0.8619269649648333 141.57955485736713
0.3259504153013524 11.968576394819904
0.19765434640749058 4.550267069597595
0.645641140677333 37.76768116986933
0.5124220827174438 15.91995488635339
0.47117856116213375 28.839386855040086
0.6134289959788343 45.10980889143462
0.5602885663514205 24.275157525888673
0.2528707608384405 7.521314232410772
0.2989695136968017 5.231316485436364
0.9438942628737949 179.26343903478804
0.7753333524533091 84.4336172214897
0.4970082097410595 20.606014762441006
0.14129580477482917 3.1921419268119373
0.9494443447862275 124.66979615851602
0.4215687737058902 12.223974803164502
0.146397933758038 4.376424269450245
0.4162620014235727 15.162875292448934
0.36177627981703453 11.557271798990852
0.0906190624185308 3.862481801626332
0.06886510475013163 4.66656115799319
0.2529761974453023 4.0456506466730895
0.05434786837477423 3.2058478116558895
0.44180443176047623 15.192085427213362
0.5179679415136654 34.36486426817565
0.17275675771479737 3.5549049724901294
0.05933787015919956 3.5561580360961167
0.4182972678696192 9.31696604378048
0.012183215857806573 1.7011264440713396
0.08681807836442501 4.8058362005673345
0.2562662759237305 4.207941182526554
0.17178063019041534 3.550794601390486
0.12004857357143783 1.960241744302496
0.3591954690853739 15.019967960623447
0.8356442674333041 141.86129262267383
0.9623412344146096 151.18511905402016
0.5439814635969776 23.520351400173585
0.4843063513973884 19.75516200115606
0.8571630142034266 160.30163832068558
0.4610883138768752 12.018293732093175
0.6290618593166749 49.644610216054915
0.15469477278750543 2.554021230427211
0.531752197056503 24.895521124059517
0.7932638700859324 102.69692536118347
0.41850559687736444 20.387543781862096
0.2622557539048078 3.9885915987814182
0.039132708668799254 2.2790222356540175
0.11759927103449719 5.492016279066338
0.3514547503498813 7.965229094017654
0.9583180243962323 304.50910536845674
0.377977840789657 11.051974148560822
0.32110193741015736 5.614264583804104
0.032647594777899025 1.4292732550595248
0.7699573208151781 48.08982323335262
0.34371670733169823 11.53249517043481
0.22324027218963594 6.631439207220027
0.4394889106209422 24.570777931664928
0.14373739260973994 2.2957454628062672
0.598902676967275 31.95911845324021
0.16795190070991617 3.8534138827248117
0.6342970653691771 36.03414981884654
0.6696670699989336 30.445234986617617
0.5779966271695415 46.77741925883873
0.8876389744293562 104.66695681879236
0.7179833402263212 41.41462355311764
0.956430287615442 274.147249615593
0.03981892133120157 3.433661007738538
0.4932070436178009 27.186686438943443
0.522028819984191 34.25195842096711
0.4579781894121696 17.884651804947787
0.17745922479959242 6.080895446307141
0.8223198331840214 127.62777793028157
0.9304843314592204 116.7154111794806
0.015392516765110775 2.076926939521687
0.5758820747038278 28.153797734428014
0.9207811596982649 222.2270665229302
0.8810633398474016 209.62596371491952
0.2802100824299516 6.378548055601249
0.059818055265436265 3.1227474757335356
0.3716734746720227 6.8820477493899
0.2901846830019653 8.501932044527257
0.40863328696901924 11.2856870810015
0.48433630412179696 16.162777755317578
0.7219478710927143 50.81651177478044
0.8733782049234858 119.38589287534909
0.45407861708489705 14.40995389141484
0.6710010910654874 47.2886848191536
0.1198063560276581 3.0322162964377424
0.888660062195264 191.03940236027063
0.9128888202175809 234.99786931145437
0.6265817829874676 26.781322142916608
0.107362234331425 4.209635585128928
0.36449225383206996 14.684877511119279
0.5196534410657053 24.964245952732465
0.9755493098979056 162.83014548816465
0.7402042946639993 85.77638375318712
0.4594553891307668 17.67468758046695
0.1375084660714525 4.335615143532598
0.5202825593302529 25.803266929029352
0.41782857061809564 13.062045683472345
0.3459515938800677 11.188975867932266
0.1838407133498452 4.515890486632582
0.011231082037671092 1.615520586638433
0.5526060867140131 20.592745481584018
0.1577121549013113 3.0707070843750994
0.4085740516447691 15.474329364929876
0.9107454138198368 216.8469208214887
0.8675692955524142 126.9484791331777
0.9523529920088948 205.66469926413606
0.8972215395103192 181.05074736775842
0.27612210752368926 4.91109284996604
0.9462334195770352 178.18414379402745
0.9836946434338073 189.9460522801723
0.41972487438518125 14.312431140289332
0.6169532984003404 43.09202368892741
0.36131286234227555 11.975349133224764
0.494778757815564 21.908271983340036
0.9120526196603059 101.14682636053891
0.8230988621382815 119.7542905915585
0.7003114510475709 45.14501086637252
0.9354418515978742 264.78621740436984
0.7637080982725591 81.31575383127172
0.06736278938416007 3.2592097508539015
0.9570741973335192 200.16563660997411
0.12869420718433422 3.971750757466405
0.23670352112805026 5.370113619703135
0.6746765492988308 46.354686842044444
0.8543464566664034 149.16099974620855
0.7995181447208501 63.86404053433169
0.19286931459388146 3.0035623159777614
0.26997697737989235 7.9426075275742924
0.10091307540319372 4.945004189969126
0.5313514555151698 22.69017145217325
0.016422827944092333 1.2283128779314203
0.5239109026817836 16.244807828266694
0.15298445867463573 2.8492896800978795
0.016148001215540275 2.852523413281017
0.8134810633142802 105.44430303338356
0.8666162389884079 197.55298397602877
0.6057010995109561 35.2758344635013
0.8789261694861489 120.91788648690378
0.7929935472028262 128.6827177362663
0.847656421765872 101.16138836511675
0.8566992213703835 91.83013469420978
0.17550294572643033 3.65247239359366
0.45176196698273097 20.807950746938882
0.9884081980202488 246.5638671314505
0.7767441595692559 87.35478045134948
0.6881766762891015 54.85978817331299
0.698326563395541 60.02824960007306
0.541209455825531 23.49788345849434
0.15721492603262321 3.3399346957109923
0.7275086460581601 65.71430921528997
0.6322285741744578 41.476657478057334
0.008422417122665893 2.0409481075972264
0.4126350715162096 18.155811018329242
0.8076381146290809 75.34757668929863
0.7531085174299565 44.32107848029381
0.3822469648080561 13.953712102539331
0.26347265073884674 7.718566758139203
0.9709711400411783 137.1187751911125
0.23412924247587164 9.596713984532387
0.21817582571994065 5.105648851820115
0.8013282981003607 127.52025782557548
0.8443593364479572 138.8213013075958
0.22838709624860598 3.9271366438594617
0.3795804005152009 9.416352008615425
0.5030463483858518 17.973165364203705
0.8569313915214737 74.45389239258373
0.8930525087392736 165.18614148266354
0.9897715132628451 181.53379660918475
0.7501651833466544 56.97054862352316
0.017344773375271405 2.1460498076385943
0.30481008599518444 6.928865576113229
0.44677019801267903 16.974874790723913
0.6900582762433 40.34373545439844
0.993106483381815 243.82486949121
0.9806877504450834 293.77627008954863
0.494250143970695 14.0822771621259
0.05889633014642137 2.851000227583257
0.4333558882270774 20.841563895430713
0.5098695931541306 25.302028986406462
0.5231376515025489 18.674591917361546
0.5733268721766014 29.763367432620477
0.6858368802539209 39.14026675681422
0.9653522373531316 225.61179370131933
0.7238336503831606 66.01790327559021
0.08805290615436157 4.901685584724351
0.3344817751423478 8.11574539042833
0.010124194806914844 2.017612530054465
0.6308346435419683 61.309284308197576
0.7435223214196217 67.62602357364507
0.048984912474177245 2.2667969036723403
0.3906643628375298 13.870956189741099
0.4357649222065024 19.148554048629855
0.7475009875154383 93.40849743575039
0.13732743508739986 4.993552492825724
0.47461184954949154 11.308534276383336
0.39504080218102033 9.911212655996623
0.3520344344866173 11.888129703023415
0.6179709173813995 44.73819775058709
0.4253910475559386 17.485934176206403
0.1727318286288133 3.144926744634046
0.9917533913038383 352.4868846111049
0.25595692482050214 9.414370385799872
0.7625485730299972 49.04268007524895
0.9224025789784652 230.64804991616177
0.7579005395024757 105.68864574274771
0.3205019881175688 8.223882327511442
0.11346326190885403 4.0728464654389125
0.7195319455512104 59.58434875707786
0.7448811872104816 44.823132343927824
0.38153807408216667 7.173646530768915
0.4097733509594288 8.587478877908822
0.4790717560936202 11.621608515722414
0.5398594244223408 23.499240034439694
0.6273267496749864 56.10669020962242
0.6702856391911046 38.420688314271935
0.5382305386463851 28.7834031423457
0.6398009129955146 52.042859326169896
0.5230251440589808 15.437353975148906
0.7008033304973429 45.70067458953168
0.5110176194800562 17.35099322540678
0.7366738294185737 82.07387299875302
0.21634567362655666 3.5299948610525713
0.08564783002976717 2.1057721177089297
0.4544178555948687 10.724339808695499
0.6940794528095092 44.92611540675908
0.6310285799909394 26.2520757775564
0.2068476154517329 6.377866210519374
0.6132690870081785 38.54059306262633
0.6005898057702327 39.999059051258634
0.901133800640644 133.1670130429261
0.7183592743423659 58.419581141529285
0.09945060664676819 2.5316384584476963
0.7461420621629611 83.32551576802761
0.5791232591595762 30.784837344023604
0.2531075319716054 6.117752645712477
0.476051265326064 21.25784381566378
0.9244806800441961 128.83722491061772
0.2592997439483158 4.678748981958848
0.30187984756239583 8.735940353760203
0.8972725593384193 182.79209664089015
0.1902935224330119 3.1961244390935692
0.028733125530100323 2.777469236217888
0.23849852740570876 6.015787593317996
0.1436575868526173 6.154601151049241
0.7497222491797512 47.09624157846705
0.29912844229328084 8.667384792020517
0.7234206839228345 66.63963497682117
0.23494155115746995 3.8697602008643943
0.07148446345781612 3.0766850291652132
0.4553613698989163 10.921062631334312
0.6068430632070684 26.739050465574177
0.749216727907665 98.91169864686239
0.3063178229614305 12.029284116783344
0.8256053154537459 78.9582908955883
0.655375911908398 33.0483988771193
0.9457828952630871 268.62397682499
0.02600792486687309 1.4966640192794634
0.6379937893803217 50.66922377285403
0.35363199401934786 11.155023096690824
0.050420773653146345 1.6238811847445198
0.1277448190352919 5.005816108770344
0.07152444270857305 2.6080068890127706
0.9136052175704145 189.55792929621848
0.30853745688646395 9.456084679812799
0.8099326689756863 86.95545187200052
0.29517709625862343 8.011153337536435
0.3734648277858347 9.031064242087849
0.9859566794793997 291.9677828283747
0.9660745648828831 233.24073619652145
0.3380448195771223 11.821085944499446
0.9412044111657177 179.54504065759448
0.07627937183505173 4.485382787823461
0.03843917412026088 1.81039308006036
0.43430750443643107 9.567114924386061
0.2444629361551761 6.169657800870613
0.567404660368304 35.76427154258079
0.7105496546691934 79.80989512110082
0.19429468781730785 6.951483698455769
0.3733463184478113 10.56790261783109
0.06692955068286055 2.2626666071498445
0.490745129325743 15.198149459674754
0.9580499628732198 301.99650368759416
0.14512430016920386 3.153601194756338
0.9549688868774572 203.16985258266234
0.7990719135558355 67.52080878904799
0.7799012859314647 53.54308255128319
0.22794303165867802 8.885194613517696
0.3036881368716763 5.646945891491285
0.3233643121834855 6.062986035997744
0.4193820101098459 14.377777604806019
0.35680028124676777 14.03341826206989
0.30372302514197014 12.809220998175666
0.5614886250648151 41.615381277668995
0.6561104226777452 64.67979951165563
0.8890906711443942 156.30264927661025
0.013002405794519722 3.0763940307822795
0.22205561741005408 6.684190258026629
0.39938195714385627 9.555644058270119
0.5841351556771299 31.267728162118193
0.009567864692847428 3.4272868591818892
0.6263624155718199 35.943532517411896
0.46962723120928895 11.314001669028029
0.027003469719431794 2.145726126068204
0.07049129222920836 2.1401430275191022
0.7838356548503265 97.07848993897328
0.35467559446925956 10.903050075393221
0.13733240163952276 3.3451183450813717
0.5533745768184174 31.55080374721747
0.2907692290622651 9.78840966084845
0.23636865649219463 8.655767601046207
0.1892249955326072 6.153071050903693
0.22405543459464505 5.243775336488023
0.18182716146513456 4.986198555886204
0.5932627880661242 43.91635473678971
0.7674024981928442 114.29932955179605
0.15677448292826313 6.078328171825764
0.6383578970478807 31.393111049510544
0.1050831605704261 3.3281410017133313
0.39332729814358325 9.6701992350856
0.3451920320109162 15.60948419451294
0.2359392410797344 5.323691770314133
0.17220505388129248 4.009797859957504
0.9538663290681165 152.5556046489572
0.8587378374159899 92.06335670648237
0.36784890862014974 8.437971372479058
0.8254633570444977 64.79795191578663
0.5701350076689761 34.25448005252887
0.17785491810165577 7.191030812988215
0.4579942698834183 20.402113583157195
0.9356635725612874 168.0323837884288
0.8892650830996468 144.93348807268174
0.5448504763812694 27.78239784120856
0.4198516062062634 17.744107676585106
0.14954747232630983 5.669941520967199
0.48227349416647547 12.81954493140468
0.6796819452596692 32.70594340093807
0.07926690760127642 3.521275467641968
0.558160874580132 41.90491374825815
0.12929303076332466 2.861490756770177
0.25329650691778205 4.428726513762769
0.9187574407197224 201.29526566026834
0.15154695730565815 3.9241744830119427
0.19726222113794323 4.272926142112878
0.5320147509972717 20.08085818413326
0.5084937578295108 30.57248537328899
0.45939008147851823 26.995554160916676
0.29723961722226044 4.859495407972292
0.9689274219349351 267.1290020365923
0.7747379855691574 83.52346996655926
0.15786777022604404 3.5240280421104675
0.4970655312815351 17.119048740157734
0.5109043325633998 18.828943949736313
0.5686917111571492 40.727151413671265
0.0717772419229904 2.4607497368178004
0.7603865707764054 78.43596958004638
0.7777014089533342 96.55218069312988
0.574921211040441 47.928798706808955
0.5447987808910614 21.818391245564623
0.12402919013589497 4.908727844162833
0.218182987412313 4.119736121776228
0.5000556643956836 25.959292143908744
0.15137131885812716 4.409791630977425
0.637461037896935 41.89499169600024
0.6170959261232613 59.45488909928344
0.37382950718446273 16.723656521960812
0.046489038414851525 2.7988047438681734
0.9439674166478951 123.32185111398573
0.776912640719883 130.22078704104877
0.370765538076101 7.765742042516907
0.7215941481472635 95.02939446328143
0.4906290853465811 22.342587011799168
0.669138925435552 34.161313449866626
0.283267778664519 4.589078237383503
0.8890217368976082 91.05139771726991
0.10793938165301553 3.8590867213159377
0.23351480628802812 3.738809738763625
0.90249625463414 137.61333144250315
0.4647418874752267 23.63711358407454
0.009382408387912267 2.4996975225013345
0.16397768438879734 4.288826949023301
0.15242341032604545 5.352596678196333
0.5330144956471559 25.096073825301342
0.49309626146507535 13.639332447801854
0.23133611889454386 6.12057343360999
0.09347491371566508 2.4185090687565327
0.24276316452606783 4.5536924817979765
0.07706013883281804 2.796523041774735
0.7398318979249462 96.02798254466425
0.2276153775281894 7.006761729649832
0.27950431905177064 8.510751258694619
0.29064274219329644 4.807386188533944
0.9257049918846637 143.01881769596076
0.06793728765605733 2.4088966651056203
0.5372425865042775 18.329047761614483
0.7912944195628064 122.39536309288457
0.6091157400145603 33.488992430159776
0.9205551336219582 116.67644625900988
0.8925181507553818 166.29980255599102
0.9285624120102647 113.04150541567877
0.759042487117891 56.40589856485868
0.6097637087816423 41.26395863911542
0.6832150802592413 42.84011900138984
0.035004775983086156 2.2458083878460364
0.7186140985616476 45.30609922251729
0.8960251061713785 102.2129872798309
0.9734058364530037 302.9709062111873
0.045485026628268366 2.6324532861398713
0.6164597218006795 40.079510722140995
0.884866942242407 192.36394278561778
0.3956473076097583 8.0134667885961
0.5434889297366687 15.624248463473304
0.03536625327045029 1.8481682403809778
0.27458958094986574 4.263300701557517
0.12326018217741286 4.106119515856163
0.3813598759641236 7.675611520710508
0.5991562362629693 35.40566927191444
0.05359245430608195 2.2095434943020753
0.7817110642218217 59.423312180629395
0.9913555855759697 228.126559047082
0.7612083024230134 58.55234269333962
0.027586248828340598 1.8911607320430768
0.6204780035500886 45.01833774293705
0.4822357006899627 19.113660529339178
0.5001335837252417 20.80061315146946
0.9775648032240202 219.27212992174688
0.6845023844442216 57.66976109769788
0.6031769472656359 27.25499279972752
0.17836151590885707 4.460310714131778
0.40871427380034964 18.161218169835994
0.013025518227563926 1.7497692584006121
0.33910597371435514 12.60909476326711
0.45435736508057434 15.089260178775227
0.7247139193747695 69.83503068544277
0.5231674518803112 22.92859854453886
0.4760840914363139 18.53830316909103
0.6155444029824538 54.76849573953156
0.8512156583160775 164.43184049545124
0.1615959572582546 2.8757982520043504
0.6780546555118515 41.59040269735566
0.2526982582083852 8.457676886992019
0.12496399080209819 5.522569315037615
0.8785885653612556 89.60745731710351
0.4779427584406515 16.937800083228016
0.47586561384115955 12.866091799618946
0.05900347844235798 3.7722738177686095
0.7238995375046282 88.05421267199849
0.18974682109275065 4.306869171601
0.32586174763889175 6.276840292107121
0.5339213669192413 30.716416945288845
0.668233351157483 37.116440596310646
0.5768619700409848 37.13421164360986
0.393281150676404 17.943573169385445
0.9403705249785915 224.22396103014137
0.6144449375245974 40.015261011633186
0.0914584709282914 2.308274307818583
0.4004796102644821 8.028997412516167
0.3823197213673779 8.788200211769267