-1.6130678393736264 -1.3094016079281574 -1.3428652391503233 -1.1415025388226012
0.4864978841724073 0.8936008406264551 -0.5612429436648312 -0.3138974186257917
0.322614443168963 0.23555286081886762 -0.8706641499021323 -1.127253651065877
0.31199067829772165 0.7608966458785501 -0.7735706512760036 -0.4370789926447046
-0.9075560510784362 -1.2670316849822656 -1.9606510051625932 -2.020323803865022
0.3826385803869106 0.2952773887249771 -1.378911959826037 -1.149715684279483
1.321004393396746 1.4704704364847454 1.2953430013422487 1.45079537974133
-0.9390327783278376 -0.7068401884387505 1.314762193821431 1.3832192818660367
-1.3706066446824938 -1.5539222661991212 -1.3337660860853768 -1.0301860927605448
1.6339618384784338 1.3572479071175412 -0.6968588179864406 -0.8354992173817091
0.24942451394083653 0.2398184415068862 -0.5274443947240635 -1.1579660233009794
0.5648024109356571 0.914203546945831 -0.5036619437334329 -0.4131678490107955
0.34806022710379936 -0.06617590310124044 -0.947440335513393 -0.7749103180100927
-1.6526099277094792 -2.275636734019997 -0.36248957653084274 -0.731736808397449
1.9341414369959866 2.109243674067364 0.0373752212200305 0.18888112300850599
-1.348822478969594 -0.9037162985570317 -0.97824863996703 -1.1737509331230926
0.40969118524074805 0.3088867642618023 0.28699464593162133 -0.03831147806673596
-0.9241708621325656 -1.1197120000613703 1.1295298359070907 1.06656059706672
-1.0896670091383278 -0.8870181076821906 -0.6450917994769014 -0.33240743902729825
0.29374196576635714 0.536608581347254 -0.5628396315194397 -0.3870193102728532
-0.7176890910599538 -0.46007928768302664 2.35908540582276 2.156298404404488
1.3151825056149982 1.714610540951249 -0.5119674319157868 -0.7576802389420464
-0.13002639408803182 -0.21058274530922633 -1.3336674206142434 -1.6687851144952035
-0.06362714782371097 0.08487972547047513 -0.09204865295281149 0.10241485050594666
0.5647989020514798 0.5479158785303041 -0.9335823599698143 -0.8331129570936411
-1.106910850960963 -1.5440524217217362 0.33797088060745395 0.7301810721857631
-0.1820006672215611 -0.6780978800478686 0.6858736676742063 0.504439131273067
-0.2794084003889611 -0.13806751634298117 0.4884073352645486 0.6586646345037979
-0.8358619438613188 -1.0777811649861664 0.11624165163304243 -0.2023484301340535
0.3075564469781285 -0.08969919621822381 2.065650851133627 2.2678957949799625
-0.23792992206015304 -0.3264345799943214 -0.5165320377326037 -0.4832110620899559
-0.5880891009857708 -0.5124820896717726 1.020448213170692 1.9641660869007649
1.2549301455118862 0.626679492837611 -1.8930437925845727 -1.7305507677927174
-0.10204191658954145 -0.25282236762524274 -0.9000721429153016 -0.9184062068341883
1.0644714268464541 1.2510669820389637 1.6474748942357065 1.0597817561144438
0.1240091167571049 0.23756494634906455 -0.864116094905203 -0.6564908501322889
-0.9044481133780436 -1.4221567878267471 -0.6619073640335179 0.10538363749205493
0.15417086447962686 0.6659231303788558 0.2265182915606529 0.23207927244228804
0.2365238734863925 0.543298838614151 -1.3152954206536032 -0.863931102388994
-0.5953057340721938 -0.8063697198287462 0.09038104316467767 -0.09994236528032722
-0.7907266854585018 -1.3087065488540799 -0.7593118919980302 -0.3423541677481018
-0.39925359041033326 -0.055398528707146955 1.2418626402387223 1.4570127899770775
1.0950128777360402 1.0414255124755003 0.20180401690570385 0.30227080167533893
-0.017242234217001228 0.019787435789531533 1.2056869590411399 1.30172371396241
-0.12800070533553895 -0.0609384167306026 0.11101273752632658 0.06781770525301635
0.9959549854678006 0.8240962795725603 -0.8404854018706397 -0.6389311700717857
-0.3938581748958182 -0.24362287779028072 -0.29973717211185463 -0.11613887026391387
-0.3778882923332528 -0.2743531104095283 0.511932630052293 0.384017622681054
0.26134098190206995 0.43204744715156274 2.3583925179832903 2.14624959241918
0.5795492650472273 0.603443043651174 -0.1410387092097149 -0.1804998982062625
0.6413958756549479 0.8800663815035652 0.6735212968254192 0.8477911692029231
0.9411184654220044 1.2319444286879315 0.3869622807126891 0.05826699473400815
0.907390947980418 1.3978548041674124 1.7983043229970657 1.8465637335566063
-0.29002727696347935 -0.7693482527405486 -0.43233630786607635 -1.0710119429439733
-1.8084875089128432 -2.0063568855580103 -0.3962717155585952 -0.6013884802684517
-1.8391916399047215 -2.035453977902108 0.7954245489288966 0.7154616979463545
0.5870946404332208 0.3413787939743824 -0.5978969346948894 -0.7295394401247992
-0.2781861892605436 -0.6605168889367214 1.718008373213467 2.4240320385620975
1.7441706340035963 1.7812919119579478 0.789465160154143 0.9691985629829843
-1.055646916495947 -1.4924794994212036 1.5000631067416446 1.5359208999459621
0.2061220228010813 -0.0726247566372005 -0.97950808132879 -0.9798538282887738
0.4139377288073001 0.627015866842116 -1.605188379668039 -1.77115241862759
1.017584332839713 0.786211972190227 -0.42234407693417736 -0.5690281686441832
0.3708702128693164 0.36138224978145345 0.7909698291424391 0.6502314024040546
-0.5244019807213053 -0.8335900599340266 -0.33755327398165674 -0.3174741112420597
0.23931549620063183 -0.042800617982342 -1.041321394817663 -1.1691082015339995
0.8778308941005425 0.7365601596743445 -0.11349921839120064 0.15180511037347838
2.3766194981557143 2.6507988916660365 -0.18576778062326027 -0.011865882678424644
1.9427802296549386 1.9551323243766396 0.09466590120720124 -0.3160556539324121
1.2079592028749522 1.4336766508321395 0.62731107693 0.3581019293996466
2.113922458890751 2.3736482078606453 -0.78272041967495 -1.075563255300335
0.22159022270751366 0.07612011722191003 0.4392078193772782 0.7598607989847246
0.9009229846722867 1.6643133482299195 1.879703336635234 2.165292066898568
2.1092293436075673 1.6879786494321274 -1.9323991798210507 -2.240739659873984
-0.27431860827125776 0.13170995068321406 0.9041096469950514 1.063367367250283
-0.0806346009373883 0.04227472752751113 1.0697064245095975 1.3930020275002137
-1.3143047658674067 -0.9468564615971875 -1.0120965139863434 -1.1575700712584878
0.104823686280314 -0.1019334160917523 -0.3651628755918109 -0.9791094707794723
0.9790770941763351 1.0991796649144578 -1.2223822391412358 -1.2930078288968243
-1.3849378727112192 -1.0144132795865586 0.8814209596520658 1.135119411134968
-2.094672888227754 -1.9071980779090405 0.5550071467098505 1.1488194325644066
-1.2877951407320223 -1.340928806412823 -0.05666600594782041 -0.160293481264819
0.8523533734150552 1.0476632059415567 -0.7195851517058119 -0.9446965945984114
0.9057382172036623 0.9315548276700367 -1.7803754432908632 -1.5152971177538215
-0.37161845595881193 -0.19572956174014886 0.19772760955274782 0.04887480205229547
1.7708593401438673 1.5706847935065311 0.5253438656359452 0.5490834001718288
0.04521709009860299 0.19830632737623077 0.14736008660299005 0.46211825993419997
1.3183876589348764 1.4038098768344809 0.06627989616854459 0.2014184587048753
-0.33858552473035664 -0.5289494867457416 -1.4842831000128767 -1.471107561521457
-0.8400891217383794 -1.102453169255942 -0.9811702581215084 -0.8711493111338938
2.1733936372489815 1.6489112680890243 0.17954061048694014 0.016387817494955048
0.5677322658775318 0.838491907529517 -1.3972242660726413 -1.6875092855079423
-0.1474486435158107 -0.14427041364663376 2.26592361029579 1.8695635533072579
-0.1329803772976284 -0.4739912875064935 -1.2024433698752814 -0.8661850330919034
-0.14450579439901945 -0.20235340875312277 -1.0923106678964882 -0.2094284815024312
-0.34149333342003324 -0.2092074429262288 -0.7215223121543685 -0.9301604451905627
0.7385702942910819 0.7677720304544579 0.6107520036642916 0.55492582719976
1.0934658890119275 0.7234265101854105 1.0924635086012424 1.3420448319985487
0.1282781817103309 0.12664925053604598 0.3207564498435506 0.436190847963146
1.3890887835260812 1.7615031796504432 -0.306246313548183 -0.14302073205734692
0.13650969565280818 -0.3025883883572343 -0.11457044489583271 0.37543396414870345
1.8185857708523234 1.710201008656562 1.6248505935565305 2.213693915115933
-0.028074586643173246 -0.6847762094084645 -0.7838475636516316 -0.19158180020130444
-0.42914479851469167 -0.72351644226717 1.1431107050225602 0.7772929019976462
-1.8734217357870608 -1.9041122212001187 1.0996625492391663 0.9105656090089318
-2.4290861172307197 -2.5456422213804792 -0.11331096058595067 0.10243338972609342
1.3502752819366561 1.4631584245296658 -2.1114591222536445 -1.72232048320858
0.028749551359173623 0.2741129609546799 -0.21289597811265548 -0.8648429499397677
1.9667722429029482 2.354071644879676 -0.8296343827763043 -1.1438891768062394
0.3661515778615861 0.14582075824551408 -0.6099692952124541 -0.5221151824665168
0.9038459430472711 0.7022201232575603 0.6204535289636961 0.8471244723360342
0.06295802977208623 -0.02278424854512555 1.6872862579096934 1.8778374478988176
1.1690801914394606 1.0130622121122252 -0.2055143357413086 -0.008456680549646711
-0.6152329394911539 -0.6590283806295703 -0.08788743756663926 -0.23040769132774214
0.23743938238609563 0.5679588189883407 -0.5047690514188305 -0.4718174889622699
1.7506960637933844 1.7847270794753163 1.8747418599882886 1.6511225447209161
-1.063546823240713 -0.7547191929944603 0.27067830995881953 -0.09219648691135146
-0.3776660661112158 -0.4343467331324521 0.3182464286615218 0.2775763696695257
0.5036995112450539 0.6667611729459253 -0.09649067992995641 -0.07752832896490594
-0.6450786748149594 -0.671938798574452 -1.1939184692675524 -1.1013142035250014
-0.012774290077363627 -0.49041957538728237 1.6259772478501207 1.2778926267147304
0.25100011443937137 -0.07092625773064648 -0.8905148745707951 -0.9551716265527648
-0.509998075220563 0.11054889560029169 1.6723819787189695 1.4211427678815822
0.12340142043624268 -0.17288932915822042 0.4525678120857658 0.06727165042854172
-0.8191858298448546 -0.7615331030747969 -0.28922478050863054 -0.23571361840548155
0.5802298249370826 0.07404798595159423 0.8404266362478725 0.9690696035904482
0.07070164069451236 0.24341908072749435 -1.409253264711787 -1.4975204110131002
-0.1668443004604111 -0.5261990008032008 -0.3347300262452127 -0.280896683828413
-1.6404910546129892 -1.8099435131905692 3.0223304075568542 2.826000188674127
1.932380087351629 1.712571245975383 1.8680623682287545 1.6903049269815513
0.4096284217841968 0.9158222728716972 -0.7515572434433502 -0.8731818729319487
-0.6566031219973931 -0.39886541637236617 -0.19256915748866707 0.27849268596786836
0.3541738265798517 0.9950368058374448 -1.6302449284823457 -1.4691274063739364
-0.12703808029485394 -0.1989447287117604 -0.6963887553111286 -0.8874644727600205
1.260261622248899 0.29682213808481284 -1.4110903555784007 -0.7650696512809124
-0.8342432991006885 -1.2063474725691392 -0.6557878847215098 -0.47405660332093524
0.9549224393551129 0.939685598223927 0.20558634655891853 0.2395414194652612
-1.544268469193035 -1.4929746307689513 0.938258672253073 0.8577226185270859
-0.5488753169372251 -1.0744610185099055 0.4996591790902832 0.5494556367234932
0.6436031583592511 -0.034910407920109354 -0.4173625243532538 -0.18817729388736779
-0.4433967195398713 -0.11741569610895525 -1.1580834679722944 -1.4079306783434853
-1.0465200228513565 -1.160292100978132 1.405369156313257 1.2488784677950815
0.15354917224427875 -0.14448986937486127 -0.40350812831069405 -0.0641788345432332
0.07733571560192312 0.2756696911602848 0.5261401813358376 0.18298928241006862
0.16577918853770202 0.21206338356351423 0.6468289484357899 0.848392867314387
1.1297301369038344 1.0248778587275982 -0.860770288641942 -0.5551159415053131
-0.867684143438787 -0.6744029691284606 1.5559719023400445 2.015776980730996
1.0104447315577005 1.2981568926992009 -1.0889389698210998 -1.4786799882706072
-0.8193373842610776 -0.36837445447461625 -1.719436572812932 -1.3941299474738733
0.029478499408443028 -0.25640755526302733 -1.6966910639931094 -1.109342144668783
0.38100358874971596 0.7838356614031659 1.2017764409847285 1.5586361380484126
-1.5814767424702048 -1.497592029415345 0.3309080406507987 0.27122883102662887
-0.5972295374400528 -0.24090146282139563 -1.246797188282794 -1.541723617687964
0.19180237386353172 0.18975153946567247 -2.0950714339513414 -1.897367971379558
0.37444605444345874 -0.3169356768309692 0.3257510322201546 -0.04905304002589922
-3.89731285905712 -4.002806627804037 -0.08916333184618752 0.09689000880932844
0.23184090991362852 -0.1893904125162044 -1.009630828739802 -0.8652615235563821
1.662585260126037 2.1226931559403956 -0.04221624522520389 -0.1699637361583923
-1.5296939656803474 -1.0737193671248253 1.5092160072070608 1.239329790741696
-1.1556682022427005 -0.5751637423470043 -0.5168624083717496 -0.7578765872875992
-0.5195295415116911 -0.648663116593112 -0.2274888124580191 -0.060113230639263215
-0.632213549029825 -0.42430886442305393 0.8514861111226867 0.9723457983434425
1.0207706991990018 1.298411232041926 0.5166538888688189 0.735817510599526
-0.7626462264448991 -0.7295571378853827 0.18194431279523504 -0.2061983143379268
-0.1335363250450066 -0.21070468800596903 1.2253220711780732 1.2384658116146483
0.06432039528942823 -0.1817418143535506 0.4996670641822392 0.5936973774291874
2.6118161628325476 2.9248702818306618 0.05240751522456428 -0.08849718621835928
-1.4126137803715177 -1.6712514554484432 1.1681954305002231 1.1200120653378147
-0.8480438579250732 -0.9713875452928873 1.4839933127809304 0.916632224461162
0.1979703372144558 -0.015516930820460045 1.0955012108878268 1.0938008407488131
0.3900763386455451 0.45022061926047513 -0.16870626636370545 0.26372604862839594
1.1138763956450808 0.7343835273351307 0.90534794248093 0.9056604407278901
-0.5983118262052258 -1.020930864806868 1.182526431403111 1.4500320099089623
-0.8779463413960036 -1.071780261204801 -1.6706479386405297 -1.357031886456578
-0.3963585500856725 -0.8405143021949183 -0.892813803069869 -1.3287679362791913
-1.0976919110489174 -1.1084658191538022 -0.5622943098272404 -0.017302723733222725
-0.9668456080629184 -0.8555098642917047 -0.6666652189246027 -0.8137975664335582
0.17190386993151968 0.289558386876733 -1.0463971630951392 -1.2632146894708554
-0.45581329255263797 -0.37805116319822907 -1.5845239896441825 -2.0186815024527265
-2.0098300332090315 -2.540697730442771 0.35755577781260084 0.2869496091917876
0.3329403582290677 -0.08067566220080857 -0.7080895014781153 -0.5298076399712823
-0.02167506528650519 0.07162156024481797 0.0379182667134497 0.0965725796726714
-0.7160103283967862 -0.5685950953458168 0.9446534581384891 1.0816259657907736
-0.26466563057641346 -0.41855361806692704 -0.8739041384452866 -0.7962062115883763
1.3274874760075779 0.5447692672467336 -0.7748340282952213 -0.6583170198189022
1.316969324553543 1.3998353736382987 -0.547119768305458 -0.8170146099398091
0.6278583377292067 0.3623954899969717 -0.3592479546521683 -0.19299102525785525
-0.1261243635400537 0.2666034599550434 1.1291511962794272 1.4946254263720085
0.9051154198613642 0.779572002915957 -0.9751289719055687 -1.1424021099891775
-1.0275505633171904 -1.3663260227972291 -1.1202663780535018 -1.2686848616208861
-1.1134347575490424 -0.8806315841264627 0.02458463114467421 -0.3453565683617825
-0.2857710622056931 -0.3369547623128703 0.6859715444311063 0.6015590462667776
1.5793713986573041 0.9855999842348716 -0.24404555851880474 -0.3858256348423054
-0.7598661210896658 -1.0181381465245825 0.08567044699110747 -0.17698728837282285
0.2074315453662335 -0.10350566039613321 0.2641823133051409 -0.11066984314231104
0.6343606401430812 0.4280006251739404 0.2274555033724153 0.3668321444066659
0.0561046268450066 -0.4662373196527986 -0.7522168635149015 -1.0336572291500137
-1.699676118883091 -1.3526791134438767 0.808086842175261 0.3368228041865807
-0.32870177322392374 -0.25008043856167406 -0.41833304384921727 -0.34597542053201413
0.32311070721787394 0.2486335862740222 1.6117024116416947 1.3415465611155477
0.07596919522795674 0.031257891739578846 0.005395123445300166 0.10693622969261508
-0.7548559803396014 -1.2535747034990312 -0.16404925384987573 0.07728450126965158
0.6851963642514306 0.7404943592592346 1.0607668464560152 1.1314213097599066
0.8050638810687492 0.6123362539465493 0.6715623433612615 1.339851219799284
-0.13040678661303115 0.03625961633604391 -0.6772604199664299 0.048413945260345925
0.42764159829814824 0.6074549625208141 2.6191768102152664 3.081145321255683
1.2810351626553111 1.6415890645245805 -0.426157284119449 -0.10847045281208062
0.21724791792888692 0.013969784355834652 -0.5158580599043321 -0.7022679032643603
-1.6476373525495651 -2.008679175727419 0.07112062221296121 0.12937345252234955
0.17550810645981121 0.44131703326818583 0.4816872763670115 0.17655261925362625
-1.7372301427760601 -1.5500146536410566 1.1093273406802855 1.1392624353133296
-0.4157842243391606 -1.080416131620008 -0.6270497281825866 -0.34494481427799323
0.39666053725587347 -0.3446614198159502 -0.11584471308728633 -0.03471020349630356
-1.4624141387891076 -1.32756188995961 0.5690584905795276 0.8555160235252133
-0.6751135795198305 -0.7644832263831655 -1.1845359133107172 -1.2645043749705325
-0.3111571030101428 0.006235951464392153 1.8282282003611985 1.4915506377473404
-0.29149762713715555 0.05840789674009039 0.660668351117089 0.42502659758119465
-0.07415721659472338 -0.08897081652111277 -1.3774939921588631 -1.3442019399159004
-0.7346981505931515 -0.68441409654816 0.7455999164662862 0.9681095389165564
-0.4177661251825674 -0.5246868978395438 -1.334618735536022 -1.4660581424598518
-0.45795394096231856 -0.3356571160660605 0.10757774438486295 0.4084760180665261
-1.0942032249233744 -0.6938330943275157 0.2518560721198044 0.4398327695105013
-1.3127634257500596 -1.2022428894053725 0.8047602264956958 0.531388641445762
0.4905205455373426 0.6248543406944715 -0.820857590329056 -0.4516300760639776
-1.1996006241164783 -1.1251947668547122 0.6430445444936601 0.7741234248377235
-0.8073659369266148 -0.36246297596580906 -0.01537248803920217 0.4012148433151922
-1.4802044860062895 -1.585177977640466 0.3051407009422386 0.19400038978355771
-0.31085104837044764 -0.20923608373023977 -1.6145056865120613 -1.3907437110181415
0.20535026181905994 0.14818667956886428 -0.0045337988261128365 0.2453224466326055
0.8045084693936458 0.732270391254749 0.34500281218070544 0.2032924937424129
-0.962988408812035 -1.3673966926547434 0.06178802009145894 0.3090589658399023
0.7432675265737123 0.8434107181981616 0.24043370539281494 0.3996274156387766
0.5215695946971832 0.5386126644842818 -0.3174810929096372 -0.35056676578012663
-0.27966739968247073 -0.29059297900820996 -0.8087758458474089 -0.9386765645083817
0.9103389696316828 1.243702980825035 0.2103587895164056 0.3618629782641166
0.2481735183852377 -0.21588620555644694 -1.8281806259048017 -1.4943763359562952
0.6747469227139004 0.03455366010084382 -1.649585011383962 -1.8136134991906396
0.21681598311585548 0.20193324352607508 0.16033759103773718 -0.05473974967670525
0.7636847208579048 0.9470818302218046 -0.22642069415495777 -0.3730820155711204
-0.23366436506715133 -0.4078982211501486 0.7862564015385674 0.4389173179288098
-0.5209202989402562 -0.8435496519450172 -1.8038414326962828 -2.59756192743531
-0.33068359361055005 -0.18734347679698327 0.2677501123078033 0.06373530446679404
-0.2290593587934409 0.33416215558065454 2.2881222162529147 2.5299750141057786
-0.3557372432855203 -0.4778269591673543 -0.41194553804600953 -0.43890456169534486
-0.7136943002430359 -0.12966179855979287 0.519429036934495 0.5681256166956692
0.46304641493594634 1.1576468360441117 1.4071819964195804 1.5604416271419908
-1.346168884339102 -0.9049245462065668 0.1337392082623925 0.13036259224187732
-0.5529321315244211 -0.4574858528564986 0.18175226821552737 0.1552318312654018
1.2506752665926375 0.7239058138215038 0.8333336396021084 0.11116203751601739
-0.5538495941003828 -0.3657680516404754 1.0518910413954052 1.3429747924274964
-0.5164310417339857 -0.41203087552713474 0.3998068533483184 0.5757894238953386
0.4058678134527698 0.29283517536661446 -0.8692686627340075 -1.0650127890989312
1.364485422093341 1.8092104622884253 -0.7154535527756392 -0.805133328041442
0.7305138074687664 0.5951876796581318 -0.8041116485241467 -1.5215390321979543
-2.4466054028673545 -2.0173164060573936 -0.9123578089280391 -0.32323891090297396
0.311483610341996 -0.15819078175095846 -0.0007112281324618565 0.012448850016322977
-0.14542843725079616 -0.4543280635754877 -2.279124025745725 -2.1700823271601366
-1.1884435502413477 -1.4561454047828717 -0.6213217435472728 -0.42447015432363044
1.2326912962219594 1.229285471190768 -1.682037407253527 -2.175074684004125
-0.5473101984774851 -0.5773909827677941 0.26960841775299793 0.2898293558454206
1.5491734956776901 1.567750367525367 -1.214283785319809 -0.8442834246170627
1.4334811273267642 1.8396593144153264 -0.48201353590371776 -0.09863585172073813
-0.1639964054189074 -0.04497862896909424 0.618005682101808 0.28180199162821196
-1.1204405241872915 -0.9189213097853854 -1.2987413383604043 -1.552964067727177
-1.1058282160298156 -1.5534656884475868 -0.6973205829084127 -0.35337597161083845
0.2276861287843382 0.2728927927623991 -1.64618191072721 -1.3155792416676504
-1.6864492062196332 -2.1976408083716477 0.585827869167008 0.867842382967557
0.4663682341920732 0.6066638497803534 -0.7202570407545386 -0.2505064480291365
0.006587700776143885 -0.2005695425510666 -0.48992977638842056 -0.7495719934779072
-0.059492812131970885 0.02446992653580527 -0.42773184862554203 -0.7245237993001206
-0.9657456766357682 -1.10890489311992 -0.12913874049512292 -0.4469127148251895
-0.6119656040037221 -0.9430225185247333 -0.049187864169923746 -0.157738096880252
-0.2740554612279824 -0.7144656765321065 1.230692472288987 1.0326639208768091
1.1440008010461216 1.0827585745810133 0.45829640070187116 0.6003133478396673
0.4051124728995459 0.51301038683327 -0.058461574706865166 0.15973222786455651
1.033360287756001 0.5960543344854516 -1.8224007815804641 -1.506473197505126
1.092749095853435 0.9796658989286307 0.8758774598824407 1.0005540123080165
-0.4009314729807011 -0.656671093631318 0.9288065300197073 1.1062318131069595
-0.5862317447703734 -0.3483829362099998 -0.568574772711006 -0.283073678778397
-0.06340746461758742 0.5761304547978533 -1.2849672712993014 -0.913466820490151
0.6938744779680184 0.9358826557234061 -0.8847465742387393 -1.2519877704288809
1.7089273657947686 1.5810171353153584 1.5401640710124986 1.4416029018441787
-0.7929707188197951 -0.5450515575271637 -0.27749760544489566 0.4077459672406155
-0.4841577764838609 -0.7639376268262433 -1.7647762118376746 -1.7220312752205065
-0.7188433259843953 -1.0809390762711026 1.8859837255473262 2.1694538729176776
-0.09210669123657589 -0.014907194296490109 -1.2236332910618661 -1.6490231028299636
0.41163869717160056 0.8417357912273512 -0.8234256506383217 -0.9859783846154122
0.5080112286245467 0.32272391970968795 0.3122471905706432 0.49867268063820425
0.7097178275732751 0.9971310061660217 1.3886876359687539 1.3370912135762976
0.5845074502324232 0.38629354135122995 1.373501476761171 1.4117276997134274
1.4100119660641168 0.9620740965426215 0.49220553954898116 0.06991733451915955
0.031118555488206745 0.3709524775976894 0.6318672562546709 0.5794270711546725
-0.47282467904810604 -0.25397384969446 0.9661407076697666 0.6333329721898253
0.1874620542600401 0.1466283388320017 -0.7036562934978403 -0.46387301906421574
0.16442262292314733 0.4110191418804583 -1.5845827254446974 -1.6957866694336643
1.7875201441626392 1.7235609572043544 -1.8208531198919358 -1.4705071146089355
1.1092623389950764 0.8479726694681957 2.236346899524713 2.3016214858160424
-0.029100962290837005 0.00947954081926489 -0.18092810791672279 -0.3031455711116792
1.053637211781768 1.1538882708835636 0.6105121034530379 0.8257412451631959
0.9730324497004642 1.1273522949759924 -0.6172801666856461 -0.01663895973247942
0.8471229453546743 0.7003435407867624 0.04728230665334789 0.03126449015123847
-0.6402084468502786 -0.851561372653604 0.34649820296155087 0.5163242226310123
-0.8216834954961836 -0.9641949514142557 -0.8407478377255134 -0.6403341090202145
0.30400910132280906 -0.07138948986893573 -0.5566459022404987 -0.5059325315163739
0.446814548553258 0.4227118312206518 1.9866590604250438 2.121412162768197
-0.1859812121283472 0.46136963159820843 0.18980483986906158 0.13567776084186556
0.6050050587606912 0.33505377331614267 -1.7670216010864805 -1.81689909304837
-2.7486010951133943 -2.941779352271803 0.6097826584797329 0.3519411683817321
0.6801047577196974 0.49687196524087657 -0.9126023710418761 -0.33089675382744166
-1.0810797702001127 -0.9400510592882642 -1.639321559377407 -1.4559666223861578
-0.06772495920261362 0.167530342832599 -1.8449873234751026 -2.035904704535209
-1.7302559017330204 -1.642690424080523 -0.3756006235023563 -0.3754565273964626
1.4775034883710012 1.8173779203572233 -0.919733785602645 -1.3234636517760114
-1.8903606598073777 -1.7654411133669432 0.8911306826156397 1.1759783114877618
-0.24310683769599672 -0.18376552586439218 0.3505533068477308 0.033029298580594835
-1.1023510757728663 -1.5081555438104477 -0.9378968967094237 -0.7945903520208029
-0.029861026165361466 -0.14703070178369987 -0.1918387106403723 -0.4180488075034107
1.5500133046445301 1.5333449878540564 -0.16239191879163625 -0.3125561253962408
-1.8247288435871918 -1.4763880457488114 -0.06469578545989865 -0.00026691473377776775
1.4218884233174494 1.7411191853969545 0.6590526507530182 0.2781851457715224
0.05641673020105239 -0.26486953888898734 -1.1533902342283262 -1.0767710444207306
0.6396039420297288 0.5563139671692201 -0.9586954474504926 -0.6489986015351639
-0.19949062716028731 0.05197876171134996 0.049140409456184996 -0.2104970704127739
-0.13508970010839919 -0.13248242046639333 -0.536750696036892 -0.6031313209448944
-0.5885614712586732 -0.035805898872092956 -1.5009099356134261 -2.022050923164988
-0.527048004073413 -0.2926242260929063 0.5370579999006435 0.6153634602560499
-1.2822409667838195 -1.1933804352097763 -1.1001146436811882 -0.6781584559925787
-0.4544574990290318 -0.3577556526900064 0.8535948687974613 0.5732186699061135
0.1314930603046956 -0.048996403662768334 -0.0721539361943959 -0.18388230628534505
0.6081002960293548 0.4094840237604074 1.2858750580035638 1.7125333310767776
0.08206171655831673 0.09198598480843882 0.9897621568432637 0.7229653656184745
-0.35409819934897613 -0.5920688860632941 -0.8474695015548528 -0.6611570432238101
0.6703366847370287 0.6493713365803774 -0.8985205277515319 -0.963113517695598
-1.6453640959596618 -1.1725277942604533 1.4862727798779292 1.576636798241935
-0.24298757405199772 -0.12217197290980747 1.0813790778119736 1.3068298512914849
-1.4758142255275972 -1.5229483969544457 1.599140481361941 1.2275608666698432
-0.31123820306175715 -0.7621512816194895 -0.39281981144983275 -0.3322672309595528
1.4704117065388174 1.4627208120794777 -0.09824736068604611 -0.1268167735020528
-0.24910284055473217 -0.10188250511853394 0.39809482544400054 0.4635991691525464
-0.3391223883467667 0.43553693787338316 -1.4815645217396696 -0.86351043152631
0.3243882005242009 0.17624531790824902 0.8696439781429833 0.558661704643828
1.9946206426692379 2.30307885509633 -1.7009596088422956 -2.3108188265852077
2.6021307739264596 2.2140110121279477 -0.007082991037071939 -0.153206554920572
-0.2999525339861816 -0.5475026590690728 0.5140244083781753 0.21258113913483295
-1.629488422041491 -1.1984652783323324 -1.5584860178771853 -1.3868846074004288
-2.085814442751357 -2.163232995847277 -1.9944256339953887 -2.093810917955162
0.526192480433339 0.39812816436296633 -1.9368628576196778 -1.284746956142346
-0.5845191569375202 -1.1307490541099843 -2.110675954463545 -2.3923247330214625
-3.477651094418609 -4.116866721259133 0.7259812745560881 0.42885426147292605
0.9058886304722479 1.5417430706564557 -0.854765115380032 -0.5825166546977365
0.2507775715761403 0.3796177383719145 0.6826145918928204 0.5536871182622305
-0.9559149006878482 -0.6916287611262866 -1.810852688889022 -1.5217410811771663
2.7285216700843766 2.995447454299006 -2.0708274516058274 -1.900952296556829
0.07771549649668949 0.2917605098148849 0.7395623153591528 0.714796253872472
0.8892603205682695 1.0340106998157539 -0.10460182491708753 -0.33904107152326235
0.5696301766434548 0.4505240089815478 1.0274973357368185 1.0221230185973176
0.5001788867817645 0.21985177751150803 0.6154214216840871 0.4090971902217897
0.2626607530494346 0.6611545436532397 -1.42083893434656 -1.4689477369613013
-0.5290419160748192 -0.284745836853601 -0.603094902194083 -0.5906235302391631
-1.0406323784999276 -0.8850200167522027 0.2820436949523239 -0.26262333362407203
-1.2874344303888194 -1.3877033654327187 -0.11939014483189227 -0.10255416644075784
0.5584749416811173 1.5813802388239453 1.229886968081893 0.9195808044658131
-0.9271940800293474 -0.6446419471344175 -0.2008304582245636 -0.568120859887821
-1.2977180776228916 -1.0443165607154234 -0.04357464899845859 -0.22061647673788404
-1.3876483409466633 -0.9778629248078166 -0.2617028396633572 -0.7974488977305134
0.26431383254475677 0.3209641355973073 -1.5948721531504995 -1.0614599840281653
-1.9822824478239482 -2.617860291214961 -0.6043218992106961 -0.3284622712157427
-2.6693940981087767 -2.4755274508964393 -0.7986605326190767 -0.6553726807990944
-1.1408902376134025 -1.5196936655806244 -0.5371523147616923 -0.5185604915793804
-0.0248945803726661 -0.1418464570569229 0.45005042962106684 0.7054540318167355
2.184783229157005 2.063508757195273 -0.21111045139069975 -0.5617892274771712
1.4415511475550948 0.6796685116922768 0.666957088301854 1.0670004804667794
-0.08688646908627161 0.17708688557474267 0.6306267404679213 0.4841795183452494
1.3371734473986272 1.127670480954754 0.022062109262960716 -0.29209946968265865
-1.272646739178735 -0.9901361018405788 -0.016694064597004458 -0.2854803444668695
1.185161493101071 1.2785914560101266 -0.31983377413689595 -0.7913860690961743
0.09019671472929557 0.4476329102515525 -0.15133824102965207 -0.24373989133666274
-0.46029112257165816 -0.8769105045700605 0.37308715299092865 0.303068053351513
-1.9716777524954143 -2.3905443840175162 0.2952560967598702 0.16732992142267689
0.8194290233818391 0.8185574207579867 -0.837938449725302 -0.6257101990908308
0.5758797211028968 0.6581377206153716 0.09432130660992394 -0.22856561446737472
0.23239975362778736 0.7136215709041791 1.1841171945561113 1.5039455636397654
0.32430948818179045 0.3442121551292535 -0.320614484412059 0.20916816521570059
1.1868004564247783 1.070279098610303 -0.9262774072480356 -0.8345758775256377
0.3827488259530639 -0.17729030626652065 -1.006482783296069 -0.5665311261429158
-0.3522107362482966 -0.44423160918382104 0.2788207903595821 0.8989700541213834
0.39123906660340535 0.7162799980981245 -1.3810595761829785 -1.484228561532516
0.17956119361352393 0.006508357606328813 0.2805955722987247 0.16085216699144
-0.7335702422779274 -0.9823194920892229 -1.1999836136263338 -1.5375272580422241
1.0505510753688843 0.9771833925165383 0.3220839340059308 0.5461547800194451
0.6614227054299237 0.8801066912540848 -0.8301790862888757 -0.43485292550956134
1.0859574646795043 0.8058156440835638 1.6187504310393963 1.9126829013578281
0.3146671834058427 0.5598973938035201 -0.5396649388872463 0.04568870392051261
-0.3333550392470377 -0.08215207371747107 0.7449969256013044 0.13721866552132533
0.09367823326653574 -0.3781524919243212 -0.6658735242990083 -0.18444174381531686
1.0012249760399519 0.9297417394527289 1.6869823731962186 1.7032044520521123
0.9711877550561188 0.8886537576574648 -0.515224621338279 -0.5510430006056213
-1.8878398450252358 -2.015944091583355 -1.1200517102834837 -0.9949516792145285
1.1267473981986809 1.1311911851445926 -2.3777269177317373 -2.735227911830044
1.4329702421941712 1.492650868007009 -0.0060522128306246675 0.0028947973295367427
0.23892773757685537 0.2999879687067027 -0.7667666887861134 -0.837748332787825
-0.9803710539567393 -1.1062376150120528 -1.6607477006446625 -1.707654012161772
-1.6978856403685005 -1.706740851629883 0.6294250302261397 0.5150315494292074
0.8207724029296902 0.6659806366398969 0.489349386359411 -0.010661523105202797
-0.20194378891847733 -0.3416431660525629 1.3692236784414142 1.1740246808552037
0.8112793426133541 0.7629183178464761 0.8162356926194096 0.6028100674454098
-0.3050636235512447 -0.6080072646827419 -0.05759113453780001 -0.5668012563672856
0.789943996798303 0.9421652851733844 0.951679242557313 0.5090856569452074
0.4518225564691989 0.18243623617909288 -0.27122194243161224 -0.30030816543881883
-0.6692831838985648 -0.9411191204601707 -1.2890445181216648 -1.1631435793787734
0.37440695371653954 0.016585124178215838 0.8222841070640362 0.8978253676950165
1.3742811518766593 1.2143909406606324 0.16631698320074687 -0.24696484215172168
-0.7257342474659733 -0.9314935056266844 -0.8593892843473302 -0.6512424220095246
1.9239309224452386 1.8291866153570775 0.5637705476629461 0.8794333947882442
0.7647934466799527 0.35709712308854924 0.7971483834559484 0.7405692330368298
-0.15698548794867 -0.6791900160042699 -0.8896915023422267 -0.5479770814875327
0.715416705780486 0.6259728370562934 1.0291741710040063 1.3199200568642961
1.1271033744445886 1.0293025630769104 -0.22438690261532437 -0.48775352392161186
0.7603752795433895 0.4139087240844409 -1.4678142821215467 -1.5401248339573785
0.07720848776579113 -0.0124808981201847 -1.7572863787440454 -1.6844751592020941
0.5650776581917747 0.10220257284987139 -0.24953794628447987 -0.3436823037663727
-0.45952964643946853 -0.7289582317670683 1.448881596949446 1.6148580108127542
0.3730091992784552 0.8091913008062995 0.8493309563128504 1.067875375377664
0.2708047999308231 -0.08214270917816235 -1.3785903323192594 -1.2208842349520346
0.2840155994975707 -0.07265493712598059 0.22361645564204063 0.3120989070985373
0.942907358182247 1.0779386352215086 1.8771863850246424 2.1545570760355783
0.3521575189398138 0.12929246861523364 0.6354768677895687 0.9694347532803512
-0.19219634430996502 0.07735956269328464 -0.3745760355231884 -0.17986820110684337
-0.6673218964752872 -0.4681054922641772 0.5666128702117802 0.7983744549215347
0.22101532260905288 0.6486243634270186 -0.5558722865271919 -0.7326078241321822
-0.401493566276983 -0.4389982856420349 1.354565744904406 1.2455932696491525
0.8741312542373708 0.7339935557816559 -0.8925142914551194 -1.3785476227364453
0.4130549680432328 0.3466230826153714 -0.024711542569017825 -0.18758547958513783
0.02910660261631401 0.5945965587433637 -0.33020680913559464 -0.7525367039174122
-1.1231457724173473 -1.5850918229310311 -0.5998947799028755 -0.4930396589276539
-0.10901593643223255 0.015542114911988245 0.3867634432430384 0.7115608900398632
1.0209962539711464 0.43448466584621015 0.9097339159521094 0.3636112920842498
-0.3816050854597091 -0.40822134642874874 1.3490441896735745 1.4202259889107731
0.6484194766973966 1.3070896810105759 1.2522914981878608 1.5201425407857652
-0.18535671894956027 -0.4966991153689745 1.3321834380251232 1.2444874319156458
-1.3580112866466096 -1.4500689482375144 -1.1666403237368062 -0.960913516010446
0.10895369038733638 -0.26265698967128853 -0.48147594040042235 -0.021635479083394804
0.4882631479035468 0.8976330031895224 1.5395536505113196 1.7952639861005384
0.015443962851681993 -0.22184824504460748 -0.3334625996003333 -0.8699773794895737
-0.7432693291618274 -1.1738813538367907 0.06678785352654122 -0.13225913280976714
0.40641783144095806 0.2980236668925649 -1.416289789067147 -1.5304699655686387
1.2892805088355423 1.2564677008689538 1.2181114378345899 1.3290081307870258
-1.0621996937349516 -0.8418125506769907 2.887377584626905 2.9610040278962684
1.9304774372475781 1.7552368734249522 0.4613844237218147 0.6149165859796314
-2.10379714093741 -2.3596188011023096 -0.7172095758255151 -0.511981377943522
-1.4400549409342338 -1.6510920732217458 1.1241242540791347 1.018811448644933
-0.20598170946057198 -0.11289797853416457 0.07835602377068182 -0.5423049038060936
1.2824180438233914 1.2895670887111599 -0.5815495565472165 -1.2372095137641224
1.0785526050988363 1.8654430396935164 -0.8816783844802553 -1.0057955134699583
0.7952949189073127 0.8405589720157464 -0.8692630685352866 -0.6227373737180575
-1.6445183640433538 -1.8648210982472777 1.256354672558106 1.1893970572849315
0.5014392837337673 0.7730181759210182 -0.49106961516399583 -0.6739523901522362
-0.6840118682855457 -0.3441835412316071 -0.5692548630588763 -0.3402732212316869
-1.2580675112744024 -1.0145436006338948 0.11907452937029932 -0.034268994345068346
0.8199024892208544 1.037052748918072 -0.42200927895776674 -0.7916759772725415
0.33912258123646294 0.39842624448956093 -0.015244211347842916 -0.09695389753414893
0.6242302368309659 0.24916777429855713 0.3574337770590784 0.4793435199473147
0.13569109107835503 0.3545699756295271 1.5705718837625156 1.4751744303890035
0.8341904548212302 0.72036102178812 -0.3936982187400755 -0.13197731210378955
0.43183277380137364 0.6016116246563153 1.4067549960023664 1.3292716949494865
0.07121243538743646 0.3978513896591128 -0.5336174733870347 -0.9819101737432828
-0.44295590644166327 -0.8497342148460905 0.4650392309128411 0.758125783983328
-0.6069988563978629 -0.5632360397880303 -0.654203610675448 -0.5283398719560076
0.5104782633556955 0.4740855894356266 1.4732598640901635 1.996901030262196
-1.3842092483074206 -0.9742763048752737 0.4459947878309338 0.13172399125176204
-0.23164112290721534 0.035306629433729086 -1.6897608300483629 -1.5218802503958706
0.28221382663858247 0.2888107892258287 0.3417087213488101 0.01075586894382291
0.9387328305601965 1.2575606090117075 0.5893548490319552 0.3414851043458641
0.05267272034134391 -0.2693003945851803 0.4553634727930789 0.16821114874247417
-0.11290500504665375 -0.01039458075359602 1.0344007642939461 0.5861410867750622
1.1734838630407016 1.166395552441523 0.027560110707689257 -0.18177154434210924
-1.3983184785850045 -0.6535948763510051 1.6427086637028705 1.2063390262094658
-0.2985521036337678 -0.27480550769055684 0.6557971785486568 0.6368417799881029
-0.6585926339818743 -0.7024682259817618 0.057425052971656676 0.7764722878661
1.8307861222591395 1.7456417240930526 0.9060138611625806 0.7349433947795214
0.31674998411613037 0.40086852747452284 0.7466947507984245 0.6857394417727654
0.11818003531867059 0.4442996850010425 -1.4447447648759781 -1.673437789610815
0.5757396910243886 0.6752148200767135 2.3057115072203658 2.6648713163337203
0.834582523998168 0.9357965372422838 1.2288260175485801 1.270938821720002
0.15644011375673483 0.5628534722427234 -0.224260582016214 -0.1429725395111166
-1.3796017511681464 -1.7803557447998062 0.11064993644201877 0.04117182393919688
3.179668354782659 3.2956570193562045 0.013209707465406348 -0.20237360239115348
1.250622068221048 0.8307626834604018 0.3603039335437304 0.4545415556075993
-0.8812304741780672 -0.8009854299120791 -1.4065684265084804 -1.0264199809388053
0.4310709322863254 0.8478589746016278 -0.13952862505041874 0.36433424380924284
0.22301540143245804 0.17492202505181315 -0.7546295607926395 -0.19508983798480983
-1.5371576913100515 -1.9730886929348526 1.418256851256918 0.87829844708398
-0.7312300565989159 -0.5223665344315488 -0.5303426389946801 -0.514551020611027
-1.4998696791365187 -1.4135788008131456 0.7071253713976884 0.45810727265778456
1.2419385020483238 0.9484490063111205 -0.08090200857562097 -0.005103783583178978
-0.9988320271742211 -0.670110507229952 0.780557223290099 0.8258471807538933
1.5235157430719732 1.312364784323168 0.2173678583780175 0.7969945024919491
-0.6808939610379886 -1.0077341396248847 -1.8412460139193965 -2.148708733726536
-0.4960515146870385 -0.9337127760912568 -0.9459933472116341 -0.8851861836214514
0.24566565753884348 0.31944794602654947 -0.20605930740400874 0.09609160768581226
-1.9932551245324466 -1.8796101425146026 0.947820635310856 1.2564718517132627
0.14728028481919822 -0.20441348339291462 -0.4259619956395486 -0.7253899020206558
0.7153392648136325 0.8926297328937667 -2.013945634561408 -2.4185971546947367
-0.4849012753095109 -0.47418371757515665 0.9218410968672371 0.9111763312111548
0.5238502836313009 0.4349996604259623 -0.6133613916367329 -0.4659672368186891
-0.5409433661456018 -0.6511453612211191 -1.195667330167772 -0.7221121804519905
0.16894272329882867 0.3045856353352949 1.392596272602482 1.415738203072862
0.34609187542950204 0.5915766350404636 1.9731636779678148 1.658169527661187
-1.675746947337304 -1.5224674766088775 0.42000771987804136 0.2461913780291059
0.9763265362124679 1.0121308082365623 -0.9019480755671502 -1.315716219446807
-0.7639960482483943 -0.6562952254796113 0.7587466822868029 0.4716880567409203
1.8138022751657967 1.9622072861258282 -0.6229147346109241 -0.8953372444187566
-0.2033468444070613 0.2028833352308821 -0.6241010110420763 -0.895293816666675
-0.7348757942146323 -1.2281668725659496 -0.5039833259021642 -0.3088127535243387
1.310100147339116 1.203138479885004 0.40708443704748626 0.42231320049230825
-0.010558773468617761 -0.4287053292203247 -0.07554137223631152 -0.21593367960054763
0.67502083647269 0.5784907705145323 0.42272566067814193 0.23037631191992164
-0.8500065436578178 -0.8808621986817614 1.3092237683961054 1.5661044222637444
-1.2742640643467533 -1.2392319845539905 -0.7061072127513942 -0.9744400149054333
-1.1759330377662633 -1.344231238717331 0.1706826314327141 0.34898394576030195
0.6402667819712371 0.743658549529577 -0.005334258370553775 -0.06986363238020218
-0.5537986525167731 -0.1076012242966326 -1.2201073845882633 -1.3263109909576647
0.48551627776586814 0.6164706956837802 -1.164213459213196 -0.724361545108558
1.4021486470794415 1.8475992436116235 -0.16175170139129852 -0.07284103584659132
-0.40958619401021695 -0.4292479268483302 0.18695818902213546 0.07682096308461328
0.5372807046671186 0.20727404479236972 0.5219274272495587 1.0032512592945535
-0.39641750163165834 -0.20851041965094289 -1.9131748357499263 -1.889177443168059
-1.548780402283439 -1.3996501871147782 -1.1593166867544307 -1.4229346087544787
0.6921077096007171 0.47487693813851417 0.10187500459380172 0.016444603466491084
0.042677376595124175 -0.2708332490583273 -1.9645333910660756 -2.042585274418942
0.36166769441632685 0.5409269310137514 0.583016836677278 0.37445036284604694
-0.22430952989297254 -0.06713770374744216 -1.6949922509269004 -1.9426884751748146
0.24665953795056947 0.5325383989651729 -0.6492536851843989 -0.8583049636117304
1.3651309962460387 1.2948892641611058 -0.27224438440973325 0.211872334959127
0.993059408518932 0.3391404366809646 0.5274459216883325 0.44811821889597264
0.015578110629034851 0.20224934494606325 -0.6182926528912494 -0.8796336300966935
-0.5109711004602578 -0.3441184934040462 0.6159610474257121 1.0383136133966293
0.4561095051012567 0.3116134788283899 0.8006970341488309 1.0343991769412617
0.4028402759153307 0.1531511233860487 -0.17178292618589266 -0.5379097171428582
-0.40044416234713076 -0.7228836907187152 0.30703753136020323 0.26679737411347626
-0.7324821328857365 -0.4602467155936839 -1.0247482135914308 -0.8949880232876023
-1.4507681399314194 -1.358700009974647 0.6435685616397984 0.5760170814388166
0.6255607611921438 1.068708582847965 1.3736894058853517 1.2633142735156686
0.33889112491904316 0.7973338117690923 -0.3005783616704658 0.1202289466592612
-0.39109277463021486 -0.8444514888525662 1.5457039073022345 1.2308857445071477
1.1804216037559332 1.2522994728262904 -1.236291261054581 -1.2585311424084933
1.0811188900699231 1.1513909410822112 0.30445857503009965 0.23485271539670152
1.811112329210988 1.8158255250041364 0.3363771430784602 0.21969272161326023
-0.09240735624939152 0.1834338645827165 1.9984821628561638 2.212372160706313
0.8217249300360195 0.5227192968579206 -0.7240580712885853 -0.3332875685076877
-0.7945276516519484 -0.12007723064308262 0.18612269170318313 0.06277665379422614
-2.090025038803173 -2.194563365251568 -0.2998979172718778 -0.30774321808192456
-0.6966757377452425 -0.2523167801394719 -0.3020807437538276 -0.7402825179787803
-1.4793656025515791 -1.213260489786908 3.2592925625077114 3.370349516313544
-0.7813522149228491 -0.6285841015044737 -0.38655702534204484 -0.9693978035372126
-1.3468020717001357 -1.52301921148569 0.8917953406300002 0.8609293890785609
-0.27847445194718756 -0.5332036527990891 -1.9525336105750264 -2.0680605777996606
0.25511029095213944 -0.30344456330176617 -1.122727900730997 -0.7160613081168721
-1.2657378109405621 -1.5834607935076166 -0.06934102442240384 -0.10098432493490134
1.2073845539950667 0.6089499112322512 0.21690344632729874 0.19527372656289663
1.3147989340959518 0.5769058914813859 0.926321857240111 0.3935322376087821
0.154394624886434 0.08039167384347501 1.9678641291024557 1.8392422814758278
0.3631387351693369 0.3651730652004738 0.3532195644585523 0.4091623608767119
2.2063318923800344 1.7599608821197583 -1.0355237601333822 -1.154881664828833
-1.4497876640138891 -1.452406773594911 -0.19310271727114803 -0.4658935498855688
-1.9129927718746946 -1.7588315433388237 0.1283841740002682 -0.21095113744533572
1.0501204541898619 1.551510410755145 0.3506979595611361 0.9392467420376807
-0.47698037961075673 -0.6655650193817239 1.1919498017211334 1.8355672690224236
-2.5024199575031254 -2.2344164483862814 -1.2666938597083983 -1.0972414983159524
-0.09300873349797678 -0.323007769095797 2.100925202181651 2.70631857219463
0.7952232886732487 0.4198556496330062 -1.077783641330952 -0.907152637462937
-0.9347025293602769 -0.9778502415684757 -0.15603025652061728 -0.15361078033915038
-2.321109093784766 -2.4262109486335905 0.10655718531744375 0.4264020005841169
0.04868925448385389 0.5672731432899611 -0.10993013267805707 0.6920681378207666
-0.3904870352976302 -0.6894781000843448 1.4308483754020267 1.3961541056361804
1.3965540934884904 1.1809196902952444 -1.4425023894154214 -1.454218834455598
0.15625463760339342 0.520577040005664 -0.17810712881508128 0.03115601752548966
-0.03933619946966462 -0.1148808920117974 -0.326561290998668 -1.23150616650674
-0.9646704282273123 -0.892987849620418 -0.3233341666278004 -0.027330307836895384
0.2856330972024769 1.1235702637919462 0.2591413231799719 0.42888947356168566
-2.8918832877055323 -3.202033370874574 2.507632594223938 2.8460852691014997
-0.43267668963168354 -0.26748105946134926 0.10195639926581251 0.28359090105227547
-0.5159424625261411 -0.5641987369598545 2.352723657455884 2.661348360058322
0.46936067076687493 0.7596293545481434 0.32087624523687025 0.6540047018198442
0.9567743302493089 1.0232229848062853 -0.1317375117254781 -0.3024517886195871
0.31853205271197993 -0.025674243637337113 0.804731128149852 0.7339902072124551
-0.833132180256912 -0.6165973814817047 0.5906053753900163 0.7208456717049996
0.9701570897913914 1.1083244727001424 0.017846074714713715 0.0730027114353406
0.6916662096102307 1.036254333752082 0.23388767368050759 0.4387160875361895
-1.3074783467756483 -1.3642979515261064 0.06752729649484054 -0.5794815219942514
1.1454068606133667 1.0001509127803379 -1.0594783775062893 -1.0379349561483926
-0.9245400999166496 -0.7444975103854163 2.2326448458255204 1.9198938419696094
-0.37154919964280075 -0.2657616366042768 0.488401095913156 0.6486225650694207
-0.3707568612537878 -0.5810063179455126 0.480060462188262 0.2523815162482482
-0.43466081544084517 -0.5547234349270862 0.4965742599045977 0.5723614622126632
-1.3013701347490463 -1.103253119390546 1.5101948328555206 1.6152932047954203
-0.0345190671531667 0.04616441077749061 0.142198769127342 0.7905609345059925
-1.3583001623339377 -1.4085098474630573 0.04660760832682467 0.20555636906738728
-0.8788969723844106 -1.028207720845686 -0.8353057649692224 -0.6950261263017955
0.21232339621479132 0.5744871231938794 -0.9573933646415546 -1.9304348412802605
0.32641885207646537 0.006027168233900038 0.918605874147712 0.9997473600798024
1.0239988126797341 0.8385090855561528 0.5160033886761962 1.463105780632116
-1.283790762611926 -0.9874031240861254 -0.27127863230523713 -0.40705946669021764
-0.04732287390265104 0.12911291917694517 -1.996194518164744 -1.6759564574321353
-0.12163266272972874 -0.5522740724186257 -0.404811453446994 -0.0435704351228548
0.8156981392512694 0.4015837589570653 1.8359051485747875 1.3166051585052578
-0.634215833498944 -0.515229706915626 0.4871184991457804 0.6286536493271114
-2.0272182566801566 -2.069137587851178 0.07253507551633659 -0.057637713048211775
0.31417402937275285 0.3271473857832594 0.9786666859004248 1.0664823082672006
0.7033175381191752 0.5648609326760308 -0.05540819115059607 -0.43158686556021564
-0.15831857705201513 -0.7417130896137798 -1.2865492648116081 -1.339300848304002
-1.510597446477534 -1.2670276741626163 -0.05334766654916924 0.00899537446564519
0.35064706214382846 0.41715686821992004 0.031249152163851455 0.19604711268917932
-0.10449212835395696 -0.1879031774128091 -1.3849535433962772 -0.8890063095213836
1.0142594384563843 0.9987114821784213 0.5393273560520194 0.38675335590358845
1.0528940157340902 0.6643106210949477 0.04518270658558507 -0.23684090329184607
2.7833342694233854 2.6506604252246664 1.0913046132862383 0.958305312379596
0.34647323859352347 0.6761513661579781 0.4073373844814557 0.003961918073777826
-1.0639185327012455 -1.1282180246408302 -0.8728355090455343 -0.7642166252880852
0.5954753249219736 0.4972327679272104 -0.16510527735681677 -0.34457083891400864
-1.7395525542844952 -1.4805239623213449 0.7923490833714181 0.7273614135747923
-0.3035567227193063 -0.444934835166154 1.1348492640417025 1.45336250685613
-0.21200669989005963 0.22103022959198773 -0.34388096565393816 -0.4258407917114579
-0.6446618757644585 -1.0630649690783984 0.7547930222486452 0.7903886245537397
1.313944175689291 0.7737090961947574 -0.5438190042940879 -0.31716215296146716
0.39063493067334104 0.519103350327798 0.3705149563059758 0.14473687426367865
-1.3257718855034517 -0.8650909199105269 0.2059966083760221 0.4828393011790054
0.2948202512046401 0.18633529255538467 0.23958120737707783 0.6832274463685556
1.5306546473057572 1.195342740056072 -0.6446100916801819 -0.861891353518052
2.0646930557142404 2.602214322103619 1.4017455113123567 1.5127887463402008
0.3629442214808285 0.8677082118040211 -1.2202161843222852 -1.3662802034801955
0.17183524493255364 0.2579170618528847 0.09037085193303489 -0.02310100745183906
0.6977957522830452 -0.037181705745469085 -2.2489423852609183 -2.0044007026169277
0.09761667517251649 -0.28195515526099507 -0.0011922981961801958 -0.290125657464912
-2.460929305230107 -2.532572576334381 -0.2404183710107949 0.23743243281270363
-0.9666856377835812 -0.9593881833983079 -0.2858489978266711 -0.3513960583040398
1.5667080497229322 1.4383210088211997 -0.3551023641264115 -0.14340861024256032
0.2163577281554693 0.013550164402402504 -1.4538631050157607 -1.2360726196867462
-0.054308317408825885 -0.016717655228510923 -0.009438780922867526 0.35991015330492765
0.6267271798200393 0.7500071471906045 0.4277275568227518 0.6840979614461717
-0.40681809941988517 -0.42349961481765336 0.8387938581093506 0.6267627621692334
0.6224569556911722 1.0056250946657201 -1.6520316310665093 -1.246052487018357
-1.2195626833571351 -0.9097239954704683 0.43985080386023745 0.47825177687826836
-0.14340857089614148 -0.31740998069993775 -1.2477324188618384 -0.9816173456727071
-0.8926442621970224 -0.7740673975759462 1.6799196250857171 1.7432695634149513
-0.156137355816925 -0.7109414171749596 0.13201777753206956 -0.27384112131725297
-0.2251050999421656 -0.11253222751376257 0.9993726888689205 0.9753698449332885
0.9946131449313372 0.5547366539911736 -0.40004309547830214 -0.375271858042572
0.20248005664703658 0.5097360860189072 0.44179300023743917 0.9933645460089585
1.2581908564159976 1.387509430673922 0.019168207736561766 0.09471005698877481
-0.02552337939748375 -0.12186704037148184 -1.3255504931647466 -1.4774558710616716
0.40122483057555774 0.49293630788883663 -0.4965718418191258 -0.25171175910082666
0.09962806197967378 0.2684871126151497 -1.4556497198379723 -1.4134107726397354
-0.078902237654502 -0.08611958097274038 1.780790941663857 1.9207493058527823
-0.6503475976932812 -0.7657365327523902 -2.1478692180830397 -2.25182423069044
0.11994482250214704 0.22136667830238393 -0.09900552739209666 -0.7311879228961613
0.2526878023003387 0.05719804276964732 -0.08693021002227877 -0.17972930896384626
0.596131634186419 0.5315210353083071 0.9968169206607078 0.5687290088935226
1.1250324250100763 1.126449118532852 0.5280506766620182 0.4579237707343669
1.53812607373644 1.5032535989489488 -0.6922954469848115 -0.7985696844259176
-0.09352066023536829 -0.3798689938468036 1.014514822772655 0.3248872166173159
1.1529287160287078 1.3522326627798633 1.0538613549287337 1.1089525944854741
-0.8422024197479617 -0.7222638312518078 2.504806768564924 2.3866426400997303
-0.8359895442514016 -0.5453509202290381 0.5660740717424833 0.7989774886843857
-0.02860408447579732 -0.3507640362177146 0.7405004111014465 1.642098738172877
0.5467684315403637 0.23355767419884865 0.4557405341150261 0.49572978369314935
-1.195805522795184 -1.1241176306019227 1.1457333568227732 0.3996361256467428
0.5766841228591579 0.6692509629865409 1.0935129604848959 0.8067068578972862
1.1148071640923845 1.112829850193103 0.28251709549514087 -0.2316022528206793
-2.0939989035428286 -2.2878528990565306 1.2588991979182924 1.6710683861739044
-0.2854044717253063 -0.1841464504201435 0.9691738225422522 0.645717402196599
-2.3557349695878136 -2.42019091966804 0.3363087246393536 0.18931348585057634
-2.214241490759237 -2.0387425962694854 0.971834641977362 0.9549623757048751
0.6124028528633559 0.192054778288349 0.8040892990741763 1.216146624420999
0.20725932578627854 -0.08302137423654221 0.19268180444137192 0.8863508147997309
0.396331046149821 0.005209392279458991 0.3633133483795642 0.19185766131314383
0.4998486634366126 0.5794941527346309 0.5206979409183047 0.195222820817196
-1.989388192281765 -2.161610909668604 0.9167830361308745 0.6360388244649005
-0.34546707246133856 -0.27419067014976733 -0.9804435704673875 -0.892840063738009
-1.7006182801309764 -1.6078391516069888 0.29115130818747215 0.23985676564668162
-1.2265241532439652 -1.2370078978009582 -0.6061031652737376 -0.8619313590901821
-0.446844393485498 -0.7774266331742069 0.22387925129874275 0.5605167717676047
-1.1520925014051262 -1.1783885587258514 0.38147369557336647 0.44090197495556743
-2.039497285363767 -1.626721848834081 0.02930285558664197 0.381745539631717
0.2412836186363752 -0.22766406183864069 0.9374531738513482 0.87547345571709
0.3748228871779575 0.4726378138032815 -0.0293465993369095 -0.2781453396011725
-1.1786783807972645 -0.5513617220051271 -0.9112329924989999 -1.0074464750988685
-0.9374586356680061 -1.1487440916308171 2.120378870193571 1.5899864345502945
-0.7750184864550385 -0.7140822338328625 0.417649801202939 0.27165119215216815
-0.030927788532757804 -0.2806042151461751 -0.4441740723019187 -0.32605957330408375
0.4390545596916795 0.7884001026750354 -0.5679549591337629 -0.05155525694243368
1.4971148744321898 1.4292467651606353 0.025510900607486713 -0.09180066105953262
-0.7986846893396022 -0.6349148529507084 -0.4744753153240254 -0.40507367133758765
0.7497201541934202 0.8006245350920608 -0.9722607263996483 -1.31783197333197
0.5969324787355228 0.6074594255374335 -1.1194485311968978 -1.351332794004756
0.4103275846148137 0.7885925131948186 -1.0640137128530442 -1.707376360777514
0.7802490218204596 0.7238429918763106 0.862877151016402 1.2926807632660324
0.5717680889780378 0.07344806661471309 0.28322940365231364 0.0647946373988986
1.2481594702654277 1.0567095326065445 0.9666142322180498 0.8711696717560974
0.6182632634148008 0.14813163725145678 -0.07417575286135968 0.6032703008054126
-0.43116643532155785 -0.2439824034145817 -1.0811417497780225 -1.1400552571968707
-0.07659190029684339 -0.44128486679958384 0.47578196123996847 0.3984007479114896
-0.010935235518929717 -0.25104178944463795 -0.5535869189472757 -0.4674314762429812
-1.269583521059299 -1.8534809107808825 0.9194527090035777 0.5045229934870772
-0.057499009931839214 -0.000230753089062119 -1.1852960822411902 -0.9668909702520194
1.8548345438275158 1.4586207922162018 -0.6735890798207456 -0.6534908789099875
0.10407685826114209 0.27378106711654804 0.4858061638067707 0.17111838383496242
-1.7471029432682563 -1.5438225911417673 0.807896721477281 0.7529948790130647
0.46775070029303367 0.4875233800414143 0.20528403316785965 -0.16242746366966582
-0.4067387742932239 -0.0315665997493651 -0.9143662340905577 -0.8523209149292992
-0.4400964065509996 -0.8551067211350825 0.3446062202986316 0.49781344938476024
-0.44152835010428365 -0.2351354340739694 1.670327548433015 1.1488427491669357
1.2213659360912246 1.033401545597678 -0.7040951598500216 -0.6783627359912593
-0.501248132885291 -0.5053592272946267 0.04682029103652621 -0.4511393418910201
0.08052014383391465 0.16496586421276935 -0.048322597065251736 0.17036996916658725
1.9523700142156513 1.5389796222555892 -0.4993872794557548 -0.29826046994101374
0.5977407445886423 0.3613068150398908 0.4184305283529281 0.15439106622126608
-0.23434629492371667 -0.3911463886864612 -1.6019115029173945 -1.4863958313426306
1.1685225485945738 1.3198835473374542 -1.827587242891578 -1.9087994885719541
1.0750604330090183 1.410870522650309 -0.44498540587808927 -0.02348173985222507
1.3561589034951376 1.1092373279570342 1.1888634641357256 1.1567247245125822
0.3838491022665623 0.5683934815794629 0.33070100823116 -0.1944973177284044
0.5245952750740579 0.8972749422213684 -0.014657000589109535 -0.28609661780031687
-0.72255077251674 -0.19778742482409462 -0.7921956861602537 -0.7543615183517649
-1.5435641272590201 -1.4601198863895073 1.654592851198066 1.7865218739236801
-0.2774746550739376 -0.3132670849554359 0.18321719903537334 0.1497193635232877
-0.8919346430042039 -0.5695853417842881 -0.23335423634539698 -0.18579189196249943
0.16985142350790364 0.7742869541066504 0.4946358065690444 0.10977199318710679
0.05280721157813486 0.25158899213914404 -0.5909951277734896 -1.361440725789302
1.2275591736152236 1.1401444936532068 -0.2973187221514034 0.04911342109100558
0.5713439940685345 0.3233564432613574 -2.3355110072953886 -2.1386914781565554
0.24538578823942397 0.213138887855904 -0.056460137190543706 -0.4085319430377881
-1.3206936165159693 -1.1756244078727112 -0.014886006766756305 0.02500464859133166
0.5811056616733107 0.6787362613064052 1.2622612061099783 1.606909383659691
0.04268908696158735 -0.11702900087647433 0.5022221589055896 0.4477040242197434
0.3103735260971796 0.3631597142316711 1.5564145439685912 1.7852702622828571
-0.0018790294645180399 0.17808979887676618 1.2673073155125762 1.4421618339058677
-0.5495386496989143 -0.47977636831843906 0.24540277296934046 0.5928190426820044
0.3956801358918683 0.8250783761991447 -0.5827140309145715 -0.9451535228272987
0.5704105415967387 0.7794210981155381 0.12579004942505975 0.16898123909288584
0.812312912042101 0.9733130642644596 -0.6358401749367646 -0.4883755917040512
0.5228732796610135 0.9862453216904654 -0.9065239096676315 -0.6976586129963436
-0.8551723943025668 -0.9310626525268056 0.040996500660406034 -0.2517433532814259
-0.8234768156569705 -0.8036718249858203 0.9890301739004884 0.6400612061816419
0.7411240231588032 0.7476492075534178 1.5364703161830655 1.7209465925044873
0.15602281425313858 0.05809529593583761 -1.5402333622315414 -1.3794761792768888
0.8186088932655453 1.0682850657733443 1.118459929857873 0.6365445625479319
-1.2872253025122324 -1.1696723610741886 0.8623996116227539 0.8385275522926092
-0.7319742979921886 -0.08375679155108418 -1.2171123520371754 -1.3639466771363338
0.6404798271045125 0.49509464312503715 -0.6825791002599148 -1.4360756964591808
0.5983573943782772 0.7175400242094595 -0.17576885467191408 -0.1592065694927259
0.15267560637678423 -0.056503768596473686 -0.5370275576436774 -0.5045325547581062
0.7439910911956135 0.5947539383123481 -1.8432014142494413 -2.3764205863604033
0.135349236392509 0.1099242977366386 1.770999192281797 1.730021543322631
0.24259665956807974 0.934835350307587 -0.02233780936623869 -0.21089054297626367
0.7285562547811909 1.3304577802133875 -0.5257829808113073 -0.4298785557827393
-1.7671599219726517 -1.7407259021455617 -2.3792413927517075 -2.031777576096753
0.3350249170261884 0.2555567535015217 0.10354031675799799 -0.1402228583232599
1.729879525414005 1.6391685903770357 1.0743789497561445 1.3530657465697409
-0.7832431209647523 -0.4800075024382088 0.830608134545293 0.3479777712442181
0.7021954578540694 0.881949702947688 -1.8622983667875797 -1.6018689145571536
0.9354075642279367 0.9258096786776124 -0.2613971601799756 -0.44646130394478245
-0.10165307507657143 -0.3119588669244779 2.4073329049246173 2.386337210352646
-0.6453401097342303 -0.4852114504934191 0.7329946712979543 0.8323480990189213
0.3905941478556654 0.8257472248895467 -0.8958909218996733 -1.6917372358701295
-0.10826791958484319 0.10501040121486266 -0.4194098426507102 -0.5948877037363971
0.47181861084753324 0.1388122910385099 0.49926414148925125 0.503227220676503
0.9112293346387252 0.6066229054875445 -0.7950311583680947 -0.7966854297365886
0.9080954976730101 0.9580009562949439 0.764451303426486 1.2505731427493643
-0.9047938808293244 -0.8399245559303967 -0.8855952478585477 -0.7426117025774838
1.1885691339643893 1.5059948825200713 -0.0399400108445877 0.009246304047661372
0.9537900014077192 1.0195314857843774 -1.5764898264551055 -1.5472240095905017
0.368364938985277 0.21132771604633924 0.20364928874547067 0.31826233024223854
-1.1405608838749757 -1.5509048695139318 0.39521794382037023 0.07104284844063374
-0.9585184733031733 -0.8729663219661477 -0.2735368585852207 -0.25889910565194274
-0.9690391730066552 -0.45428246649251025 0.7463120904356111 0.8025995748330399
-0.681541249013268 -0.5463820872156083 0.42844940972260104 0.5158401464566578
0.8531306456744393 0.6095848809264219 2.025442240676036 2.2441046590924048
0.04870268399102544 -0.09814153767719602 -0.10559232638924877 -0.6361634501993567
-1.793785929045461 -1.82404495135584 -0.6946871726630156 -0.6841786145765052
-0.597086750585349 -0.695081152149613 -0.350473111858563 -0.39972516237897343
-0.29283201500992423 -0.5550158301231346 0.15230668337380704 -0.15764561016384
1.5803833507041494 1.3866614437143805 -2.022963173581344 -2.242940702070803
-0.465624157248401 -0.6319102920423282 -0.05383730220039963 -0.07499369118024854
-0.28332914121111297 -0.4036047451479557 0.009326359762053576 0.09174412650254515
-0.15779706334898103 -0.8028762495748486 -0.6221750421161083 -0.4210408767282624
0.7683061170733184 0.7371467802067851 0.09575698983896956 0.36896352736995763
-0.44214375989579957 -0.24938420592962568 0.2658039986592932 0.7037046537113916
0.3632949679781593 0.45840572221574044 -1.0921245486113642 -0.98245636684343
0.14219649575524276 0.6069868491945769 0.6941702612315367 0.3692385373927774
0.6868169880937594 0.2649429918809507 0.4470631900198567 0.35579684137292544
0.8589087244429674 0.6117885109491746 0.9893937009093045 1.3922683859087017
-1.0067848126015366 -1.0768487671917648 0.8108423553853711 0.3216313570644513
0.3649013971833319 0.12073267462360371 -0.024021885634941377 -0.5062920045779237
-0.7046384298913516 -0.5761872149296083 -1.006370062514781 -1.324761688292556
-0.3813308490906242 -0.7390857039243726 1.1955935120773509 1.5700218465284388
0.6127111206551675 0.5354917419345177 0.33632363053672437 0.7511266694043138
-1.4269193344819404 -1.1194433152583485 0.5767785946179499 0.34628576603708405
-0.7467696719706064 -0.6536953720758728 -1.661602198435724 -1.6728826265126064
0.4723756820083064 0.4574363943224156 -1.9110711241389071 -1.8750153417839193
0.24973986673426968 -0.0658192205961497 0.09429377261223673 -0.21356797407496672
-0.2220006375390552 -0.2572587809339254 0.8430223449196882 0.9654644708624001
1.597284362098955 1.1995121858517888 1.1279426402304649 1.2512362596235123
0.9298572622859734 1.6633984598467735 -0.940097083462436 -1.1182813346925404
0.1793081183583692 0.44752028519826714 -0.6913091483806754 -0.3925371666555643
2.620580149345477 2.9333230829467594 1.5739212726025833 1.2564908462638957
-1.0063208358148015 -0.7175935668603592 -0.7201334331068475 -0.9172716692851053
1.5200137178905404 1.8872051539149572 -0.5539591419330024 -0.7773660450219808
-1.4111323431965728 -1.700304323731008 -1.3834513882702464 -1.4254808710758418
-0.2576129563614765 -0.3109086079997171 0.540712994656952 0.41266112707964253
1.4236593579602548 1.312946256377789 -1.2822400297137584 -1.8596818913487072
-2.3439494627520534 -2.7654240790059474 -0.5791208494340546 -0.9358068541479729
-0.2337960412205657 -0.7361545271717338 0.18568302403233056 0.3865299091601364
0.5255606093527554 0.43297610567173217 -0.0021293719713090394 0.0037529204391776867
-0.9200040556178422 -0.9729981163673231 2.116007004746761 2.318582820063589
0.9930390275994757 1.0498575242190322 0.23456888020037808 0.21458231404770328
-0.4558651741780861 -0.7333833753950906 1.3737289352275137 1.7398720498083267
0.776997616594919 1.0251814369041645 1.700175468269299 1.6057541559450346
-0.04868950255353144 0.4221667351098481 0.11587419272125772 0.0981539243636844
-1.7456035154047844 -1.9343477311598716 -1.067114556403739 -1.3492257071952052
1.0832034303132132 1.0543473314233995 1.7222229295499771 1.9025423419254626
-0.21099442303714724 -0.6552869454795314 0.21884198337433408 0.035585732660839475
0.22422167652579755 -0.044074603605967544 0.4909884131471668 0.6612659593686485
0.4373326110563491 0.3001246531292868 -1.5729262885098854 -1.4377171310668604
0.28154456658061766 0.2823987106209186 -0.31873610385858836 0.10016852926980913
-1.158525839798198 -1.0360756344677624 -2.391141708975441 -2.4700207793145914
1.55908939707715 1.3236761809671518 -0.024264017173766285 0.12870488604317648
0.4003871413443339 -0.3483599306483271 -0.9246137692259632 -1.1056899204101573
0.6984591773689118 0.5826202714546429 0.9372298581399525 1.1723789206282247
-0.15554065595420757 -0.1405233720911465 1.2068151554442537 0.9356477142491763
1.1282249489532536 1.3265293462335261 -0.45999094805598634 -1.225051655647332
-0.15525157754983637 -0.198952005793679 -0.19326226750774583 -0.35083879196338164
-0.8507538670164243 -0.5994670795163494 -0.9885137829818136 -1.1995957546993812
1.5824943627435875 1.536403326982733 -0.9438645405749855 -0.8846883197616282
2.2290720777726483 2.460512184579968 2.1797091372361757 1.9740097337058502
1.6144569533075073 2.088597179695054 0.05244682609229165 -0.43972360799334365
-0.12171830442997074 -0.030279861398376157 1.268012896654719 1.5933710891216957
-1.0852285131546513 -1.1410388625973533 0.055787025505177994 0.3648781653308608
-0.3181085452414663 -0.1482435104011773 -0.7250065505644561 -0.9760517702875242
-0.5196933260787978 -0.9709366463140356 0.8223158424616689 0.5631361129054894
-0.5371815160914285 -0.862513830592659 -0.25529994550365487 -0.30985797216648736
0.9189606109833888 0.6461387520835213 0.5112584453491889 0.6977458832505173
1.128957222191597 1.2522444393781917 -0.20090455699682136 -0.15575624371002758
-0.0009138315238087624 -0.189250471381999 -0.11048602601040299 -0.1374446547353842
-2.375062021444468 -2.3786485214822455 1.2511745852297858 1.6886142550495666
0.25350265961046176 0.7784544376286631 -1.1263302929200545 -1.6128563886242988
0.3134412710417594 0.9492967128309513 0.9185980365173393 1.19575847509555
0.40372396100579705 0.5789387992924848 -0.3385221348817005 -0.15733027602772715
1.4265629358015839 1.2713689069447465 -0.3411007521831299 -0.22882517395165486
-0.744701647513589 -0.9271622919257116 1.039594998503445 1.198841329581757
-0.058134486244468486 0.433909484913225 0.27580907710895247 0.3983951335761289
-1.0868588845857627 -0.8264263294967904 0.3629607115090835 0.07526907944175998
1.9552732436749014 1.9615379161889004 -0.06339857056022284 0.3114130526222949
-1.2716492039774834 -1.4498347299467267 -0.6308706208489836 -1.302470908883667
-1.1734134123114548 -1.018047078843076 -0.2635787679698346 -0.3634290443628805
0.11004275215873195 0.36361858937078156 0.29302768190232303 0.4150594754195133
-0.5795673073454296 0.04862115752937779 -0.40110603501612213 -0.5491495194506559
0.752363355366125 0.053045179556000965 -0.939213411028797 -1.3658022020337266
-0.7797934286844228 -0.8092891211905758 0.18320577829243745 0.42898866915310924
-1.3558728534194684 -1.603024637226889 -1.0006263206774615 -0.9829104680410433
0.8867088123977529 0.2163130439463682 -0.24869297007577318 0.04564142009670935
-1.5547473921425943 -1.5388066124943096 0.033185796674142766 -0.24912215912193628
-0.23158589121600368 -0.39473743563950725 -0.5143875158968586 -0.431066915739341
1.0082921791241348 1.0893743797288176 0.765512736071783 0.9123300112716829
-0.8244519116248635 -1.3902719541278534 1.2095242975553833 1.2764923953542304
0.42896388397228713 0.9199004051390959 0.5528294273769763 0.511841375950665
0.692109552903559 0.9155986263210342 1.556740748817433 1.1742994029168745
0.6417931190710493 0.7012300822746506 0.8004401352486301 1.2890540805449202
0.1074680978473219 -0.16328320465284013 -0.6349157153007186 -0.5070729534650912
0.3777313070434966 0.9400524411150943 1.4762713345135612 1.5018350961458802
0.0796425929759179 0.04902148554937216 -0.1735657533065412 -0.13292623768267145
0.8017663984688258 1.344072621522342 1.0464930954117648 1.060011149041623
-1.0805128900121885 -0.8334682866175811 1.2915493963317335 1.999715290849182
0.9433699150565881 0.2801328092366854 0.3328980986902583 0.2575881803940783
2.58084083707408 2.142828719566377 0.5369924572738265 0.44506010612239066
0.6774957152471821 0.7640186475817649 1.2373100603279559 1.3303841391693227
0.1560362824417971 -0.06815010440299524 1.4207393978284075 1.5064445351705338
-0.7721738708192009 -0.5573730433965036 -1.460438416570195 -1.489720487747562
0.11265789001573046 -0.08801763560138581 -0.2969123715722697 -0.4250642391187215
-1.9707073663362993 -2.105184638112196 0.16353832520334827 0.10588399328066404
-0.992289770333842 -1.0669388085875993 -0.4792857771077412 -0.430536051734057
-0.3771202056881998 -0.0814269732178956 -0.03712582685534341 -0.05996277917742318
0.5919009411838841 1.3043797163635342 -0.774651758474018 -1.284913169759178
1.263791967053447 0.8475787363135023 1.4946546066635356 1.150111099119052
-1.4076794037720917 -1.2781803082842709 -0.6668819357023964 -0.4085305707429346
-0.4031672126155301 -0.2280418199822389 -0.4957571179344449 0.08521430327863233
-0.9991399467198641 -0.8073363011640375 0.1735514776907215 -0.19095501116847102
0.9192900403905369 0.9268069927793616 0.1352974716007704 -0.18365871508026924
-0.7938634637318949 -1.1285724761055906 -2.520039714386436 -2.783175591796291
-1.8807247737733708 -1.4583434021713728 0.2918574004492281 0.8097033401961815
-0.9269827209057337 -0.9790901581247826 -0.951106419860182 -1.2838425314656556
1.6454688967831277 2.2570968330959755 0.3582887949676519 0.6285241654156644
-0.22079466236611933 0.2498030090777159 -1.0830363705394537 -1.4800477652184814
-1.8504607973970821 -2.0609722664040078 0.1193312484392911 -0.17871663740043064
0.7329323981207911 0.5151220786702931 0.5746847241758238 0.047284200153209555
0.546387399648223 0.5440046331711826 -1.2235335718371756 -1.4460967567150216
0.6373199310693585 0.8063704065415974 0.4021773838563043 0.2326880675823501
-1.1651102403296065 -0.8663899271743617 2.0121241662484337 1.5110403771487715
0.5130727042460324 0.6458914794579766 0.11248084138493757 0.11856325908383089
1.1284281111024528 1.326858836880997 0.3928340743711877 0.3064351970975287
-0.8246205519470411 -0.570496724361742 -0.9409545234874135 -1.0985550362607746
-0.022144861961882024 0.833089087502876 0.37917605790752584 0.6359546768432273
3.0000548636496536 2.775886768780145 0.4559821047198782 0.5562171754141364
-0.42115313282778133 -0.8158115364804082 -1.9201236257471288 -2.073999096952725
1.3898115416693526 1.192137833990701 -0.21932240903718583 0.027466028733828807
-1.1128048730206233 -1.4293141575210662 -0.8536499384712326 -0.16851059861556816
2.1045073091619533 2.7168936791660014 0.19187432815618088 1.1496154748149316
0.8665020322691401 1.1131063473200637 -0.17689536395252686 -0.1159041369937646
-0.38374795575184223 -0.4354501610902584 -0.4717751098532627 -0.674190523890606
-2.8045456259869925 -2.9795427500579663 2.0884654335105597 2.27778080829076
-0.28278413015328435 -0.2566134540068152 -1.3266708934556115 -1.620692998458637
0.3176837281292881 1.0754284852492932 -1.2944891830541831 -1.366470213988559
0.20637912166450176 0.23784250296758114 0.47821035259390937 0.7199954018596524
1.7930489631319433 2.283958109255476 -0.3861692460803233 0.22747060391245233
-1.222627570979346 -1.0618853787593818 0.9800210321026623 1.5925118602808461
1.0554255747834096 1.350812471539125 -0.5585049446980791 -0.6556250430636268
0.8157995945462955 1.1726405781859153 -0.6285309515713923 -0.47069963017556804
0.5265289344295063 0.4539024174643176 1.1302130517110858 1.0781011374218303
1.173559566627834 1.400418120263925 -0.6851925426792824 -0.7373586810157787
0.2939744184671774 0.4401849082928109 0.428230304764107 0.24153593517169078
0.3210863052253092 0.42283596370558274 0.397208802716327 0.48473089649245427
-0.09666836739568874 -0.2699279306137098 -0.9034986485055468 -1.4798307196731992
-1.410706444645955 -1.070232742446108 0.2572229569264384 0.23901206567223318
0.7843781686481425 1.1194675813787665 0.8780380938753006 0.9494219856109016
0.06689376213246351 -0.0064583846032525705 -0.09383567718931937 -0.2021405355026366
0.2662155257018176 0.6834626697783763 -1.3860754344856447 -1.2945602706349324
-1.036126346965899 -1.0302695420621792 0.9690635877338573 0.8062590219462884
-1.3213981246885373 -1.1019569411816832 -0.2950471963399554 -0.14462621467139716
-0.3424629513810355 -0.7360906692759447 0.023568218472568313 -0.18539445983655034
0.048209421253282994 0.1738682761996134 -2.1419950512607273 -2.635509334032937
-1.7913010737784152 -1.4710286923472504 1.046139370736047 1.4349173857136095
0.11612167219041658 0.4433316452932357 1.283525749253147 0.9694784388927857
-0.6291534257496649 -0.2512983580645303 -0.10877714752840965 -0.016886222592945505
0.006106926379495892 0.4730124381344843 -0.8156611789543259 -0.8602718077828752
-1.6205352600119745 -1.8422573396933226 -0.599794817055463 -0.5205632289181933
0.5778946630115182 0.7820500695291422 1.4816186647212637 1.5837815639257065
1.8593495267477498 1.7963073887179635 1.3207329151559213 1.837083673883617
-0.7156163021648008 -1.0779348426455995 2.5133687622051895 2.049719805525657
-0.7897666341019143 -0.9907336294345455 -0.6274902235759133 -0.6608928964066987
-0.6240253765596966 -0.7573929940995103 0.659884872966336 0.919883101221516
0.29376593534549733 0.23980051015326445 -1.3957143505811755 -1.5481953397357557
-1.2366454639056992 -1.6888234918961296 -0.14958624901224965 -0.10466464417904286
2.164913230284254 2.615092450159169 1.0955890166030842 1.3559253687854669
0.5229037771111043 -0.231143757315607 1.990464960010209 1.6441420061497887
0.7219218693040285 1.068484930624444 -0.45923912498608416 -0.45790633660274377
0.03075364827525655 -0.22407343300157356 -0.500459271599329 -0.9621273932453738
-0.05613121252733265 -0.031052331969203466 1.1063740019601431 1.5397483962636958
0.09303696937364297 -0.033339581302270244 0.25599329646355223 0.08216776493640923
-0.6152741288320972 -0.8127619297558426 -0.7981700159482127 -0.771913720046398
1.053296939692954 1.0304215045252172 -1.3898314594913506 -1.7103532060971924
1.470422062108886 1.066460789128067 -1.0463479953276522 -1.0124644867921473
1.1564348799800026 1.0541171108638347 0.4625652629743204 0.5443201794762432
0.9324000185591946 0.8129139107167203 -0.07506067116844219 0.06298033004902535
-0.4673558588376372 -0.24023962134729204 -0.4361893728522754 -0.5764697958015723
-0.4193017333945361 -0.5002532040639863 -2.0378115161092065 -2.1315680810577025
-0.9996361530081216 -0.7349555690781414 1.6194337878554994 1.2632066813393812
1.4703105432730956 1.289146666534697 1.4141484747063349 1.4637085371518708
-1.8172259048246064 -1.7693713226435224 1.3429228931415478 1.3312969559764642
-1.118303127452036 -1.2441466631241531 0.5706633470630106 0.9372311072772379
1.4205105617984375 1.7669760438974325 -0.548484527361779 -0.7875304289534284
-0.792790585255622 -0.8867797487379248 -0.299115244393094 -0.37360215800368074
1.3820616813005029 1.5011736427408207 0.3616145354578865 0.43651289641940616
-0.0016738286701855625 0.33242361416862193 0.568199357530206 0.47896354311863565
0.8999860176979929 1.3936445481712336 1.4848774899978348 1.2481471758379856
0.9842839051876322 0.9733074855469335 -1.0498023395221903 -0.7035076324429266
-1.0936490976066768 -1.0725522830125565 -0.6336259111753857 -0.5539158196835037
-0.0014218195826963575 -0.4053818404198329 1.004795629273101 0.8048621868695854
0.4220381498042758 0.6139685287567129 -0.017915761952801958 0.058276873753898555
-0.9444860672919274 -0.9870660301654102 -0.23910705748779693 0.17861827068597608
0.5387379287013351 0.8738677598029858 1.2738923877329187 1.2511681159577042
0.6477297402516345 1.124103007008462 -1.9734398755072278 -2.0458583910983363
0.05283599494603437 0.6570201201966149 -0.23671662226468052 -0.5177033627863835
-1.4349376846787483 -1.23764005047211 -1.321256605782618 -0.8767900829380415
1.4839793524054756 1.3569458057994739 -1.138000548386802 -1.1576274255936243
0.7293215730805709 0.2873277622012767 -0.03784300466176168 0.506629886935348
-2.6719179122438668 -2.709796202936384 -1.119670622282107 -1.089074805387226
-0.15124801803488447 -0.37405143048052913 -1.4644172517844187 -1.1320477210300974
-0.21071596384670765 -0.33062349711614347 -2.240912414465357 -1.8112742077869497
-1.2125947967000077 -1.072062211073153 1.693732675239276 1.7125544871786686
-0.19153204788441178 -0.17078736530040503 1.3116089466931509 1.6110401498941511
-0.46524958644662756 -0.5591480827125317 1.2030133079987566 0.4358941197368691
-0.4948521639502466 -0.3143912381529873 -2.1341416632592694 -2.0666046322370093
0.7515930612503646 0.7329465475364537 -0.8906320182696599 -0.47974417526383906
0.031329295404668035 0.24272657041534895 -0.7338887071756469 -1.4726990045716029
-0.5074080009716883 -0.5945850079238796 -0.47313853243167436 -0.7165320993190842
-1.274606055037289 -1.3376950634279894 1.3784141773696665 1.3912279590197476
0.5247393415212473 0.4601203113288192 -1.1977095052181728 -1.3674759257266091
-0.8406482372172437 -1.0565333538103723 -0.13118736700486222 -0.26957146721785996
-0.4647223054334225 -0.044118015833783 0.9572079361797313 0.37895274555048597
-0.7762259170634541 -0.5159808608779751 1.3991314452170875 1.7169998154299124
-1.3448320227250676 -0.8305213307024002 -0.9131505808558791 -0.7691435444221189
-0.322992329802398 -0.2800639221445681 0.6337558234602735 0.7293606537560386
-0.1722047718803376 -0.27538088930970234 -0.0004042596521174503 -0.3326949522854451
-0.39029712828978236 0.10095388802219724 0.08249736357432602 0.16504770012573994
-1.2546097940827212 -1.6047602979366138 -0.19129172145226153 -0.20534104433819883
-0.3898058034578701 -0.49532603257385754 -0.21514717578669162 0.07240308179787097
2.0007463000025827 1.8625646870003403 0.021388048692477655 0.002387050858463878
-1.0877068111805175 -1.15374636915525 -0.5264762380979696 -0.08534078310486148
0.5311963803252571 0.8150317764035988 -0.2667447880886959 -0.38007721019565854
-1.0797438460307633 -1.0587097568186392 0.43599903966848735 0.44330917895604666