0.5518614624359536 -0.4166670757474737 -0.7627873963373395
0.315462004705468 0.05798855142469275 -1.0179893330265246
-0.9356708181195945 -0.6474913241702008 1.3340110621460817
1.1889877394053874 1.8792731522774786 0.7103153198850981
0.15271268288786155 0.9429029463106953 -0.02240715696055662
0.800657436688048 -0.40717330238453897 -1.1945033971780497
-0.7583795084946483 -1.0564119324135073 -0.9979176353694196
-0.11776166339032706 -0.03506033982444416 0.21415155711707579
0.07025700266327461 -0.05202688027177723 -0.4454630278376072
-0.8519932961396202 0.1735989214835423 0.5027156908218413
0.4939627305764246 0.2658988839755101 0.009141039073882315
0.08372625482774938 -0.40128650208002753 -0.5774184101704881
-0.9444018093750409 -0.6583893389528273 0.972464839750378
-0.2658447423068258 -0.2924660522975694 -0.5955340709754449
-0.587106287244542 -0.482005602981362 0.23640249085219642
0.6068112067367167 0.6513273592917398 -0.7107495113682615
0.6363093659972905 0.9842041645369204 -0.08125870557020885
-0.2877343479923259 -0.22292581446280002 -0.573948676750184
0.22273457006270908 1.3195755633629658 0.5053453835193353
-0.3929369940494138 -0.45012656933981277 -0.4357112507510677
-1.9411099022003087 -1.3671457778603346 0.9133413939019419
-0.1243803180517141 -0.40807642235641894 -1.7992677869177238
-1.2803544482326192 -1.6712108532709011 -0.1634244278636593
-2.2297917615519998 -2.5736314578557264 0.31621447585468054
-0.5541704037230477 -1.6391280669527695 0.13589385036017854
-0.47684231703462915 -0.7053846184651746 0.9135808257987821
0.13759912164918758 0.7987066264102014 1.11368096087289
0.4596558991870208 -0.5998682661408147 -1.372803055136515
1.1844648539922245 0.5277375938715839 -1.1786724848124275
0.1954233004524555 0.01626330735801172 -0.14525601087804285
-1.1767712602309772 -1.1169209705294758 0.3678384277139674
0.10187578219082626 -0.48876248228317254 -1.133906836438888
0.7920755515451234 0.4519801459864929 -0.22306326101546203
0.8401084289594559 1.045726459206706 0.7270390291541902
-0.7472421102565573 0.6304179292110762 1.4422505121886027
-0.5799202009882807 0.12401543229568456 1.609422674195636
0.4823365956361789 0.5156501040040414 0.5652114740647487
0.49153975624794466 0.15723262540776328 -0.5007920868462953
1.1348083766859869 0.3082574133883265 -0.2935008785315097
-1.3900965470487057 -0.847851794029264 0.7075922893295145
-0.24991523928574055 -0.6252822824226852 -1.1800157383353758
-0.7243253291292395 -1.9628965768717934 -0.4399560942102939
-0.15567189249900917 0.28574549604048544 -0.753571297392882
-0.617710316839653 -0.22876856013453656 1.6836790275578897
0.05968289418359999 0.2852278541053834 -0.0021812489292156374
0.4554519351811962 1.1211534973459865 -0.6327434110114328
-1.102151934586706 -1.8236949509621243 -0.29283939718939317
2.210244496922795 0.9138764501413048 -2.5460599313285197
-0.9762773827630465 -1.1713504693225436 0.33713433057008235
0.29352269698246014 0.9705527352058787 0.21298686297482158
0.8520203506153686 -0.007096661670741163 0.7498175246959069
-1.443240450653371 -1.6242265874167472 0.1185411250909137
-0.0016949803014390903 -0.7174225468708452 -0.5513000425762449
1.2932460467498368 0.9103025180574617 -0.10268177308574776
1.0607316316178368 1.2145052641954488 1.018281553569367
1.571258535383297 0.21931661664542498 -3.1559376124244314
-1.305122630257083 -0.6983964523412974 1.4442065490407505
1.9822198325122875 1.4214408879961276 0.6922970551059742
-1.4353419685261715 -0.8702645884533624 1.096405340790744
2.266105445244525 2.4944520443425535 0.3486635851280756
0.5077426204753196 -0.3112498463468568 -2.4483189612372587
0.1135102008039901 0.5426390734076061 0.6918141331445518
-0.8635158851683927 0.432006876852291 1.0226278512221691
-0.21690480270798523 0.09151963379529064 -0.4576740545764323
-0.08455241866254247 0.24681221432589753 -1.5970898699591765
-1.3945738722608203 -1.7592540368710194 -0.7196937130739346
-1.6600987239705753 -0.7385963047481567 0.37793514905866576
0.9147443219495627 1.1622014014337576 0.4324079346735708
-0.8732657681927385 -0.5810954857497213 1.707739904106409
0.4387396250693717 0.29706753666356817 -1.1622409636208346
0.4304932286796212 0.18478329137920402 -0.40115189425128905
-0.5984217844503674 -1.4794079958283115 -0.22372068418983537
-1.6747732505446014 -0.8112093532189572 1.9463155275523356
0.21996782330813683 -0.2990907677010559 -0.993705257252138
0.9656640593757766 2.1015563087710216 0.9466143112271755
1.5005408196833474 1.4042320470685337 -1.061858126328851
-0.5841034558118106 -0.326889240981854 0.17182080938936345
-0.8701469653391564 -0.16436068701801293 -0.8157261945453731
-0.4843556083711476 -0.7421316890283216 1.0303748934436439
0.8181815467458248 0.9734988887726835 -0.9653589555669622
0.5589274354349058 0.9901405263033038 0.006629033240936549
-1.5573687542794752 -1.3329703964854078 1.1686285521137316
0.9275467384441477 0.2154453157903533 -0.684549980419157
0.6183917814759138 1.6164542268021684 0.2585479122259979
-0.04250863676783831 -0.2698880530005665 -0.05675548873769735
0.5700855428552914 0.13412597051746478 -0.24987557529376603
1.4890265143274934 2.196560124349533 -0.14680623095588594
0.8529149872904994 0.41207766235086285 -0.5821786409330809
0.2150431797584562 -0.16692136254803897 -0.7017079136367556
-1.1283449083530457 -1.238462195525611 -0.06188907093265072
-0.4470169526937988 0.7595255373862558 0.5176051082710769
-1.0170289116825617 0.6359137446497127 1.9154856272084155
1.0747061878303021 0.3901494688872856 -0.887551705429543
1.2684612973795366 1.4571306473726828 0.20998381884496767
-0.09047524479882736 0.9399622995729883 1.0570735790251429
-0.2930566078420645 -0.48035906108140997 -0.4116179088606042
0.8643630232630112 1.1894712191212597 -0.5021272240337573
1.8494366974751146 1.9816395983584512 0.30687257371018845
0.2896459380568921 0.06781824136253431 -0.40275487050979175
1.131528042210506 2.013028524210383 0.6217011690479476
-0.5387337792405769 -0.7776397230446813 -0.7101083208648603
-2.033307181776323 -2.3590413416104545 0.3952391763150136
-0.9656618559187824 -0.8472350291704193 0.6408435462918951
0.628419167543009 0.38557880073691675 0.4213413112382846
1.7603830717714362 -0.018556373021244525 -3.0478199074142025
1.4959516648868416 0.8131785732766706 -0.22121679469237598
-0.045577737583913244 0.502549357582683 1.2711297529675853
-0.4144786854723631 -0.2976094306740088 -0.39223204155207386
1.1784633329632195 1.8435173109517606 1.3362958105854168
-1.116917581562829 -1.8840277705469939 0.879747881325008
-0.3318117715883702 0.07815455957728423 0.03359149972573362
-0.5307441767112804 0.0009212814942434379 1.3927855055686158
0.8720212788755921 0.8376949764157579 0.7957072855342704
1.2898373153441287 1.423461894274664 0.13754958279934087
0.23064961953574395 0.1655259100275895 0.40433758839492234
0.3572572764126357 0.6392398694241981 -0.2280588655071513
-0.7395548617887635 -1.1526327572224184 0.4952040223294637
1.8055125218280517 1.383129877969481 -0.6543977940883261
0.19396123218244923 -0.0886142527911159 0.645068098912406
-0.21337595804496795 -0.5073260031685864 1.1460407904559384
1.0429507276996055 0.2157371777324856 -0.771390711952597
-0.19091063709167486 -1.1743957458130905 -1.8636749671676054
-1.1096279493950936 -0.3965561358858504 1.2220827376251324
-0.774019082963607 -0.2951368644095322 0.6588252875613316
-1.3875534594629162 -0.47905394258546097 1.653226536814073
0.9581880445673893 0.7337150294094136 -0.7180745041444597
-0.3477329909365373 -0.6404976512172266 1.0407069885174385
-2.8073625720783286 -2.789994773070178 0.06927091052259378
-0.7929431337445061 -0.5869932997124263 -0.0812181238927782
0.5418879202428246 0.20151303817537336 -0.44650191877982687
-0.5151501624433698 -0.2485270629339628 0.8566406741961046
-0.5154028144673647 0.03052048788970447 -0.8411749644620145
0.8095458177289339 0.4705491737010043 -1.2936687841471195
-0.870229802068335 -1.1064469815873048 -1.137238592155929
0.7615336494968962 0.6780134530949781 -0.7991526374827735
1.1384117744052653 0.3529398246800056 -0.253040946133342
-0.10732009367733823 -0.5929461819660996 0.1331302381271642
-0.39863201918045643 -0.24467228256618176 0.6313717827796258
-2.294106198086427 -2.438851815710812 -0.2724227552741296
-0.6013997648643457 -0.8328126437658212 1.0839427076518495
0.9798829839393192 -1.0840341871632069 -2.204841071157733
-0.8028089881897025 -0.9142916870825185 -0.49634839316766
-1.0839734143684163 -1.2977982790439544 1.7268092343309815
1.7567796740521577 1.1879898820942125 -2.14139161849521
-0.3883602647622845 -0.06607480129779054 0.5650410310195408
3.633387787887655 3.1838299516583155 -1.2208977201788203
0.15029799223229917 1.0733101661527276 -0.046208310773520944
0.4092331821358798 0.9188656373030325 1.1376322668923473
0.4178150672788044 0.402749093860833 0.22730407877228764
1.1521005439020635 0.0876923875729939 -1.819246146716739
0.6521394649433608 0.44169338923361495 -0.42333383913477796
-0.44111897757626783 -0.14554385199414457 -0.8768422007556448
1.6662598382420144 0.6146959321396266 -0.6293751317847047
0.797368818539649 0.7797796548043967 -0.6515002623197914
-0.15050702243471084 -0.516759201411456 0.21493478349148368
-0.8948447361438183 -1.075862052783511 -0.8299378979815198
-0.6219349900277725 0.03394573558793297 0.7408854974934628
-1.447676357500896 -0.41064811154463865 0.1297010863842902
0.39236348223861506 -0.19572207872445976 -2.293852922433702
-1.467420491900665 -2.0589026353459277 -0.343189084377364
0.16551095754598746 0.2626333343210895 -0.6704762546862737
-0.3432308147056691 -0.46914715704026394 -0.7692195922100674
-1.1872666738179327 -0.2737813811720255 0.9800536134298738
-0.12810797086476064 0.7174643767446687 0.640652812407972
-1.3365715944898182 -0.349180885165822 0.7712811738888771
0.33543394011047856 0.120122104124226 -0.38647350152469145
0.10520581870381428 1.8151185932994085 0.08318230954575502
1.0207711934619794 -0.0779585384887498 -1.662280276583466
0.7413960406335277 0.08815496121712771 0.8609423320037336
-0.9237423291178458 0.6056151709589537 1.4804135216442063
-1.1855063933228829 -0.44394240026407283 0.657003170244704
-0.021314859607439784 0.3415627157659543 -1.1142450137238307
0.9392060080760648 1.092534506529761 -0.5407366319410963
0.6342094549126074 0.16212268964574827 -0.26956580518302503
0.7695273938626511 1.6973165052600205 -0.5616443121532686
-0.24943478625650342 0.6738502902977749 1.1357411607240875
0.33163587607763 1.140515508450441 0.5861516196188652
-0.9228062740781254 -1.005011189623696 0.32823071054183933
0.5370378297494056 1.806874870141454 0.6803011112575307
-1.6141367647857128 -0.6229528937147263 0.8775848779179648
-0.6989772900005241 -0.009789501099091222 0.5138634776119883
0.4605463940256932 0.2527320556049891 -0.43315866324069185
-1.0218334419749326 -0.6158931388125902 0.8201577461861217
0.8214660230577646 0.93440040218519 1.1099190393750866
1.0139827235057761 0.7255649223461054 -0.4426669502626486
0.00983175056379227 0.1451561491984152 -0.4877166703782014
-1.2732594823784544 -0.891526455596223 0.6361725952196493
-2.096345932681397 -1.4593576310867533 1.7351893507203715
-0.32136191820246324 0.15256283433365136 1.3226157271236088
-2.200695360427943 -1.3721129377056756 1.5235599610882702
-0.5633362878066829 -0.7086556749486919 0.7092033819235035
0.1773856026737696 -0.7265033080515181 -0.7855415428725978
-2.408255210894826 -1.4587133320824244 1.4101341726701373
1.3494797603528712 1.18387628075888 -0.7556531374450645
0.1623465944913567 -0.4525165331678373 -0.06093945968077759
-1.8389970661415904 -1.6935961135495152 1.7290412265896569
-0.3617738165323454 0.07783516348966805 -0.04799390458046102
1.0573518930673416 0.7983707098352946 -0.18889754678675869
-0.38747805359652976 -0.12277862050784953 -0.5388049440954064
-0.035612479063702476 -0.2317477546759219 -0.2496767250743571
-2.7854439735376157 -2.465345170495661 0.16713362564614553
-1.0585922405480293 -1.4159913519492169 0.29745356637857934
-0.09105096006662036 0.38799629871042557 -0.1323632119583859
0.42437159439330707 0.28779403646450613 -1.4375267724703542
0.43916209238818354 1.2232666292885053 1.7784900005386717
0.14420535080119798 0.10458183241297152 -0.22350560129945374
0.2852058893729077 0.0766456884047528 -1.219201406062227
-0.1641088133658708 -0.08455571974675244 -0.14783294739487662
-0.6077409164829838 -0.7351930843663155 -0.5785628134740269
2.779788428391697 2.181410837504154 -1.6707131491535154
0.008763156757386061 0.2642908898792356 0.5321901631395842
0.3567892488927758 0.37733507757896245 0.12294423709211878
-0.9208181925778339 -0.9687652405083608 -0.2807541736506027
0.5484527310302454 0.26565107666615234 0.27416779986898165
-0.3405758975354884 0.7870596828704058 0.6824641146645739
0.6010871887504605 0.1538128845386318 -0.8916058150048457
-0.48622357661412935 0.6521588904853614 1.1557885093747342
-0.9069596077862191 -1.2961902849476798 -0.12451877371107782
-1.3092727503889416 -2.5672215087870165 -1.1094766666257518
0.4454949603339036 0.25317260193273605 0.29669063084288677
0.11287235798931329 -1.3873613474747977 -1.4658933649942452
0.18737985404919333 0.5081828437487401 -0.19360907953643453
0.18042985247109125 0.21440452509105232 -1.3551013274413486
0.3446081078670319 -0.22961110498635173 -1.238368132312633
-0.7784674153205096 -0.42951450803037816 1.0344127703479742
-1.4708209396334553 -2.550640446376461 -1.9211426805768788
0.22393570263580168 -0.45405844531494965 -0.005143711381639459
-0.4271982652377689 -0.7473466561830194 -0.3597788741109357
-0.5992791445973683 -0.7844076160046856 0.1594271651021016
0.03169650523053905 0.4013063046374634 0.47546103625954506
1.0633202794046746 0.5474905898419131 -0.2322834181276622
-0.4424526489160468 0.8554655139112282 0.2750403059337367
-0.7312836143802597 -1.1578146834025353 -1.4740989801706839
-0.5998672853745379 -0.6708182522243727 -0.01908757574674502
0.5478273137249452 -0.1504008752575487 -1.3776079257442813
-0.16862755694257534 0.6138093326550372 0.553572648977693
-0.5018880021018425 0.5363502745790256 1.3866576722766166
-1.1173814672462303 -1.09571967850668 -0.25930269896086205
-0.5593228482779694 -0.5240447363065622 0.04195132527640833
-1.437516432667115 -1.041791301161424 0.3425844498489929
-0.33607372130462015 0.22080896733066616 0.6905236358022631
1.3221063631957337 1.270955769267053 -1.6417946458165702
1.739868555790304 1.6137724010320125 -0.4529341146525548
0.09199750223625318 -0.5391059138863922 -0.09894825876214557
-0.6084947307185107 0.01876891459706921 1.4352826381737926
-0.3083565517213905 -0.7930808718321928 1.0405243709690013
0.3015288668575924 0.09465852638048387 -0.36047687896273967
0.7554617172480897 1.076360949472371 0.2444823028286009
-1.3610374224527795 -0.7267456085317784 1.574611711295788
0.8720626972401812 -0.053943256797474304 0.33155840809113674
-0.351108587650574 0.34281276597093474 0.30818336189119255
1.6371675789544162 0.8920749137469549 0.40852967567348897
-1.939486302308404 -1.4855921649040515 0.9077208315778237
-0.890553793572356 -0.5983538881391867 0.6928286750803135
2.0381304828715243 0.9472258071517071 -2.7028594165843276
0.4282069349542861 0.3143204322239365 -0.7466318305522738
-1.0340187248371355 -0.19804596060332208 -0.219634109272588
-0.04107556135304501 0.03406137899896633 -0.2794555599728281
0.5856298550856949 1.7625559095701662 1.2129559183710226
1.9131257167042421 0.8549754061216105 -0.5079669274160005
-0.7295937451050118 -1.3872457040637642 1.0199332278407867
-0.5352173600869362 0.041814994367302925 -0.36427532397023044
-0.1444019554942324 0.27683544656181447 -0.7035422054566121
0.3689703899185197 -0.3085680205767004 -0.5435408258515407
-0.43658366665372816 0.8655650384748148 1.4219272081314287
1.3495667389185089 1.0433089612331972 0.1156841749998097
0.1451662568596717 -0.6903730023472162 -1.6695362805080318
-0.22593400618847556 -1.1201865201838956 -1.5142017938074634
1.136270444955993 1.5573604437640858 -0.8997951975103123
0.13484894224045105 -0.529177101024808 -0.9392608788114339
0.6779803826106906 0.01961145944888439 0.6210396877058311
0.2955356295015055 -0.20517179745461994 -0.3133087952853169
-0.41788327504161216 -0.9821963966755294 -0.05016096615524797
-1.2520905562368094 -1.7794861269727726 -0.10363544250536348
0.3019057739753555 -0.2227826369062824 -2.0383750303379897
-0.20624371566267233 0.7544262136425918 0.47062775847757726
1.6816260515046835 0.2643019035374296 -2.034426433124006
-0.8768857332578526 -0.9396451282443239 0.23123238514755615
1.4740164990002929 1.7633433861310124 -0.5749713350214315
-0.5954520877093075 -1.5176529239057959 -0.7983937601148241
0.8585064665100692 0.5206282775075759 0.28010489927705773
0.25625859436137305 1.1277231444585043 0.7977526020767655
1.0039843302938938 0.8682799052195521 -0.49134061417274116
0.6298398174484255 0.20652975948258573 -0.84184862030736
-0.5219551997454088 -1.3345343359489075 -0.11124856519131775
2.1456277063268656 1.9527342524291904 0.14081234966474968
-0.38495153335657634 -0.05849740446055249 1.1597898627693777
-0.7334497948482857 -1.7978073473779264 -0.9043606362212392
-0.7988245415162014 0.6867527908716471 1.415770967665228
0.018935507100543664 0.005910468655971154 0.2605607634265486
1.877017186455199 1.2477995529148835 -2.5802012965507646
-1.3538679035423535 -0.552895013944855 1.3194949961292066
-0.674200824303142 -0.12207925321255199 -1.6117155065051139
2.764128144740444 2.3333772932602748 -2.1508512075042505
-0.5815230916978903 -0.7267345948735847 0.4279480083239635
-0.415737803755881 0.27887297332764194 1.4487557550807049
-1.3843311106978606 -1.3503169081404223 1.069560561170495
0.6457196184320031 -0.15700907017374496 -2.4456730358687926
0.6473142254686951 0.8482570746234779 -0.6347724948829563
-1.1298566786605586 -0.274210913841578 1.0188983950663097
0.19037025997254814 0.22791277686557637 -0.0677855886632961
-0.32797643102739116 -1.0864792192821993 -1.0943518754474195
-1.2099183774118778 -1.4950528972924058 -0.5559994008226917
-0.1953921041402483 0.6666914124718953 0.38909511035204225
-2.4272662402413627 -2.486898899580654 0.9786007893778635
0.6415694983001446 0.08830364560274197 0.7085053770716995
-0.05968897439952331 -0.8477802052510052 -0.9215713256194967
-0.2763442977302394 -0.17927318021222868 1.4058893292109111
-0.48432661551593464 -1.1303851676712249 -1.3620164452754988
0.6534607107737631 1.1919878400185109 -0.8829781503831301
-1.1980395904476366 -0.22105349256987789 2.3494133294690855
-0.5100929801270033 -0.6385647542042392 0.21487796914308088
1.2778591243048725 0.4104035863054265 -2.003166366999323
-1.0176626126607797 -0.4327084689065395 0.3368340261570968
0.022671443586507786 0.2862135765137159 -0.00474195277507784
0.7450408567173951 0.738423368287203 -0.08522353545516427
1.2033640537543697 -0.2835394823316082 -2.015413917247836
0.30818893988356844 0.2806792132714019 -0.12992831131255825
0.5795496391639703 -0.7376601438016954 -3.1861303804326933
-1.0446549608636946 -0.38990388633688 1.6453658658957935
-0.956073504516335 -0.7182595848935633 0.4832446019907072
-0.25882432950892176 -0.7633164605638264 -0.8415604903976034
1.3829747917963227 1.4248661356943553 0.7736957836959893
-0.5826910895793115 -0.9756652973666889 -0.27927294242439077
1.9852475149637723 1.0868129110981546 -1.504165944978911
0.01443747270613392 0.4829064981942902 -0.19309775040081106
-0.4696479471054497 -0.5715741782413022 -0.6325892006371971
-1.3884398124651296 -1.2662716824646028 0.05910114215852047
-0.7906112798181228 -0.9084819823853628 -0.09101859899223418
0.7196513992240902 0.37747274830638305 -0.03400134220243903
1.8842861094406396 1.2811378962670918 0.1554582770494024
-1.1718921768823456 -0.04034138892830417 0.49074003781211323
0.838083070931034 0.6734703190900936 -0.3723023797659753
0.9093972110810707 0.2461073402015026 -1.717187286146877
1.2104051757345686 0.34537344150096116 -1.0256227465511938
-1.0166147280366677 -0.09607049938822397 1.2450519670507723
0.3957887809901589 0.4039716099203292 0.20623001368265015
0.3944261167951676 0.9783504052069907 -0.4694914390441821
-1.3879966359640228 -0.8909647590283465 0.8295361718403008
2.537515846562434 2.657575335848852 0.7139960780280407
-1.5075963055523876 -1.569780568136389 0.7295835003290801
0.35940688953482597 -0.323028953784976 0.8083078963764276
0.7755703332562457 1.6124287347323858 2.529141462473103
0.27886473775427006 0.4498875509296977 1.980692266503677
0.8184300569333611 0.6148941779871128 -0.25211568388792793
-0.1324817501654016 -0.5107842918413955 0.15747924458543947
-0.37106809754620795 0.08559428568710166 -0.1312837393387356
0.8451821786216575 1.5905060480979056 -0.7985155051471156
-0.05338509930901562 -0.05422961191050919 1.070274798693271
-0.5830845640429109 -0.6769308325218539 0.23363482045143893
-0.2919962977085758 -0.3819630387792508 0.9072784912938313
-0.2230471461765936 0.4703894756571956 0.494526308316375
-0.835678602327854 -2.3481928882896996 -0.32001288839682873
-0.7566440790183517 -1.636969389946812 -1.0956099074477637
0.2417745922644583 1.1223649997472893 1.7154666554891687
0.16211879348611505 0.28506264923247854 -0.08273587862867758
0.6113920778603045 0.6679910241387473 0.2562388147802048
0.5695181112604166 -0.744378475299828 -1.8908403420395548
-0.6965874503637156 -1.7321659445437125 -1.1997384335665788
-0.6636142903140901 -0.27009180567714935 -0.08334866195787709
-0.5738814034311451 -0.5185379072097321 -1.1909809075770856
-0.4752808446896086 -1.0368296481451797 -0.4024383334258346
-2.1287268101173935 -1.6880672571362978 0.44502072001895754
1.0248012003365288 1.0551761779368662 0.6811776754900283
-1.7531657892029673 -2.701384386073086 -0.902485762723952
0.37256550396487986 0.407506994200494 -0.24159691309795264
0.599314482746034 0.18038884175993372 -0.3889408675124634
0.5145103812492281 0.3233736592591251 0.4813332049837325
0.9360333613485164 0.06800547355182648 -0.030876553040293745
0.26095543690581147 0.5064096447795607 0.43064263170534606
0.14948205044988788 0.6304399565274635 0.14241532592325296
-0.6132371334639978 -1.1498518085285192 -0.15633075064881485
0.32046534314786757 1.3214809262304688 0.9121807579274309
0.32657869376126414 1.376202286965669 1.5100300298329552
-0.8976901777911104 -0.939568032636968 1.5916357249778657
0.31656373320354625 0.027590854810191075 -0.7799615622259096
0.6637531743742299 0.3765035463853409 -1.0070160474493286
0.4945632968629709 1.1484618628371668 0.28775860364044265
-0.2483869016323914 -0.35489146693923457 -0.3677450573905351
0.013199063604910813 0.5060627145464607 -0.00037536428356023323
1.410484869556605 0.8639350170621529 -0.04065673730103439
0.939288844805244 0.44430362622551217 -0.20134800542242337
1.7223527294054448 1.1851428514511515 -1.1357898262716613
-0.946054402122158 -0.9194130381425701 -0.5724755618594585
1.156540592586048 1.3098339826906733 0.4798966136026944
1.3298598810468705 1.2709172214633755 -0.6325567352952528
0.18153986464208707 0.051319781388431684 -0.03372538679591197
-0.2376636870401947 -0.0037374959216748553 0.8785263728343511
-0.24463439780059157 -0.5591838127734347 -0.058946899318942224
0.39877090324059616 0.3079270036425167 0.611137758412799
0.10156514445640541 -0.47367377055785825 0.5639006858837445
1.2127121786421984 0.21847957862270642 -1.9615904384718172
0.742211982415939 0.9315809056876133 0.5229050753434948
-1.4219969714554652 -0.6294564588780824 0.8335415834026874
0.45097046813262276 0.1534274065018538 0.11231589577308164
0.4788574530106688 0.07841888737393224 -1.4699190673953464
-2.4964887529796345 -1.2454338411621975 2.343877988667571
-0.890823012942187 -1.6860462508577612 -2.0128978532471473
0.26119152158397124 -0.44518694363995664 0.24044036775652736
-2.225728619985779 -2.651007913495285 -0.18814678575429505
0.14162084485081866 0.03705158719854491 1.1237817403853314
-1.1239214270148972 -0.5615462424559748 1.2822572489190172
-0.2030876362809597 -0.748392953711417 -0.2789361145017183
0.4228763914316299 0.617862358870304 0.7885770848097385
1.4871833971032642 1.7859323990862093 0.9300732195065203
0.02314361294282678 -0.1259560608967203 0.5165256356514265
-0.005406065768649332 -0.505068203238886 -0.31038285634258056
0.037263133431355004 -0.16681122596610223 0.1060947246229922
1.4039324842785614 0.8795468775516663 -0.6530829477395794
-0.09933877482096047 0.19528481446685883 2.2904278613239137
0.433699010098841 0.17888547741649893 -0.18910857150939658
0.06554359277300047 0.08811090658435278 -0.27862769375324636
-0.8731994988093953 -1.3453552551241783 0.34644782554037223
0.2864194474553775 0.2327808137871745 0.4062976834148134
-0.5536029721281729 0.589270902199562 2.372406907901184
1.167798104081448 0.798249559595165 -0.8733724673353405
-1.2746469975921995 -1.3725920318370994 -0.7130099108011382
-1.1147016990572958 -0.14557689296872547 1.7523635166089422
1.508567698740774 0.9522755694335004 -1.0460231557954858
0.7474596892094165 -0.4205218561152547 -1.6635829484289837
0.2913316654956809 0.42834483550289876 0.9345940183722736
-0.21117250104881147 0.6833881182934841 1.1282254340639666
-0.23454902602307165 0.07219617049451434 -0.9209260769483526
0.6409979248688108 0.6911362268327238 -0.31141363094931446
2.6059845450651786 2.0834388410424514 -0.5158235401665374
-1.6218902826368495 -1.3076720236145705 0.6120143226452972
0.41695356529534505 0.5508167146163986 1.0233136815707438
2.237945099160189 2.1543557861514278 -1.062495258664509
-0.010392836865213794 0.44250289311084845 -0.3486107964820734
-0.20343140870705198 -0.4719060784177758 -0.1645607148317118
0.7151078046286329 0.35981234739284906 -0.1607703861597074
-0.1431221280284197 1.3139530908551018 1.869977334137899
-0.7507626712466565 -1.1377643186609772 1.0506089178104705
0.49076937466658144 1.3088482602823408 0.7328056855170589
0.8293976398766358 1.0998916302031259 1.1867117475767441
-1.6985763846741322 -1.6302785925941634 0.6135199028779671
0.477677029619871 0.9655360138986667 0.03148531066709323
-1.0085878489792413 -1.547615581021648 -0.4419486545721293
0.09365009498337054 -0.011535165922786377 0.1657781976199682
-1.1248823330733713 -1.513374117697559 0.7752500619415756
-0.28641724399838264 -0.5708417699714238 -0.9394313218566418
0.4977028088988478 0.046303060081219295 -0.2658160581884507
-1.0053613583777263 -0.6759065623098436 -0.7725594642625938
-0.13282966442795296 -0.5665519501049933 -0.8217769226502547
-0.153340038572626 -1.3699983153324926 -2.3612712631489234
0.2909671838872938 0.9597978979797703 -0.5211803215873577
0.010925195388952945 -0.5510226920519324 0.3933724191532122
-1.475791143384184 -1.686602440596541 -0.6867211001616865
-0.5921924624161213 0.023157857387242874 1.4617134846842503
0.018040870425412255 0.03574096187349968 0.5699473558208831
-0.5233509986320717 -0.6530201805834182 0.38769910064843427
-2.3040176127326717 -0.9099192647796355 3.0635575143870764
0.1490885759862884 0.058919205542057006 -0.8163998503907192
-0.940359376991115 -1.2502137688182462 -0.9522673064278963
1.109717131417726 0.10012130084453903 -0.20601489832692596
-0.6569169407599836 -0.2114165416504255 0.9676964926522994
-0.6056824237628904 0.15858730536558344 0.9887502669032215
0.19715872992875147 1.0637558176697273 -0.08947649524987684
0.8403155207824028 1.4626429832986094 1.8135444535031022
-1.207698353069886 -0.5450973439437434 0.6707765915646018
-0.24431133455679407 -1.044660359120872 -1.4956681417249729
0.8849023902628966 -0.1833867815475607 -0.7971519607854524
0.5341261187187704 -0.08088266473916657 -0.5099676041133221
-0.3307266104361277 -0.0763945990252502 -0.002992882477825235
0.43441140596977884 0.8740951167458043 1.0722876498938219
-0.19425309911403954 -0.010048322066642216 0.4497241364331482
-0.6034623994208982 -0.675510070614872 0.9933765781302935
1.1034629583647255 1.5854067243542407 0.1734643673252974
-1.178204335645771 0.42283249957697205 1.3334632095007708
0.20699144968227587 0.9885270253779322 2.0394991752681557
1.532445385926566 1.8934752645182027 -0.773423853991863
-1.5014663875931558 -1.0586972664886918 0.4474759115035005
-1.4680459092059652 -1.155424719574511 -0.8964756162965011
0.255608326037319 -0.7847049847759144 -1.2370532859638859
1.9715380362846797 1.982399540773814 -0.47152863925119076
0.9207582684879443 0.9859388157024224 0.8943167035225427
1.2306090539812797 1.8549274608403925 0.2805675303997653
-0.33633879883799234 -0.6391374644303097 0.012253653732798629
1.702794977646328 1.5434557002945901 1.3235409893690233
0.322407864447111 0.5541318257326899 1.4741477106489436
-1.3475516029424692 -0.8241779357419919 0.5476680149115613
-0.36469795307235736 -0.05032527008085701 -1.0779406450945417
0.8345169497398861 0.7451692339308199 0.32969165092933594
-2.0490171674650846 -1.418684191377567 0.10920328111416534
-1.380280394641017 -0.7864506495996095 0.3637031547838036
-0.8526559899730508 -0.30964735907967933 2.000723382483352
0.44822443056034533 1.0951392366925619 0.9978365044799014
0.39319184953040354 -0.14850652604823927 -0.4877369612169161
0.5839358439739885 1.2686263805590943 -0.5732019738854636
-0.6919651608755376 -0.4970227259284175 1.138411435099012
1.2593658245157033 1.4623841623310585 -0.07330063862609577
-0.44084561636997754 -0.02791798248585565 0.6940704744096853
1.0115680328502137 1.1817946993602788 -1.071419169531467
-0.14014000577798244 0.5119495148509717 1.479078384456744
-0.9491317866111508 -1.619413618786118 -1.5166651016274926
-0.04992252402934181 -0.18920749990290997 0.7758912524449768
2.342638299332827 2.6469636761792605 -0.689009906768765
-0.21263456931881772 -0.966661631793372 -0.7825831385879172
3.040612295720555 1.7775840461754149 -0.613718720632034
1.1624137166848256 1.1694428816960891 -1.2583708411181063