-0.4880670178189253 0.6527303493594092 -1.5996223996640393
0.3604548724323165 0.866532007974556 -0.258608382383817
1.162115387310129 1.4017021479166427 -0.17413459483872934
1.248377501752492 2.667073852834273 0.7941582087637613
3.471589877761177 2.8355206843884555 -0.17581417386745368
2.8665558882611415 2.609354438576789 -1.7128708217358994
3.9685366349467963 2.430542536845287 -1.0943519585669792
5.557291740940924 1.733706312257671 -0.7177554145512148
5.510433569317031 1.7057948823171287 -1.6661845719698294
5.925707942524166 1.3506435912737436 -1.7034014991222213
6.152567623396423 1.830114081352409 -1.336732058449897
5.738387637729041 1.4216270287650747 -1.584658906138508
5.325588720710679 1.6634389985989984 -2.456562743765578
7.358441484146267 2.648749629628177 -1.8581234495527088
7.812476931446602 3.883539569772775 -2.5039903177834675
7.865803908272008 4.345934726445119 -3.4697929941782615
7.519847089200528 4.86886069555829 -4.891009851265866
7.633427450573369 4.9731974173589535 -5.193619766992234
7.567201001214928 4.388916373279266 -7.19468893826846
7.305647914403604 3.06201542817103 -7.045831984591356
6.3205988665086865 2.9327825173348874 -6.598128865850498
5.482014274587939 4.1367483005055865 -6.799958830977121
5.605982545771431 4.990821430975661 -5.419605482031986
6.482296878099474 4.745626999729279 -6.031542222548784
6.256569994699365 4.106415034593954 -5.0656562633650815
6.498567551211836 5.208605508087238 -5.7119639464972956
6.930931852907124 4.048903233767927 -6.710329298377395
5.742299989473838 3.6051946491051527 -8.097528346444571
6.043059276296343 3.6887297018338763 -5.858221619483402
6.771239199779531 5.395697556581351 -6.630845110575898
7.178767855494018 7.188650565372349 -5.5780308953778
7.286179893541052 9.37171021542885 -4.848329950606148
6.429785621765976 7.558889697829983 -2.8370840587080743
7.039156368192257 10.769492994421967 -3.103366855793853
8.625417911526668 10.485116257707176 -3.2426888801319946
7.984487914378652 10.15879567894263 -2.7886348621320924
9.101017029359081 10.989447384771491 -3.3795419638481707
8.02393464005039 10.461979020417493 -3.578579689442484
7.499441275601574 10.116757604145647 -3.4929456553030067
8.504488585972931 9.102381025904673 -2.6445423962383967
8.007651317855611 9.115066517501813 -1.03463986172778
7.821249224507404 8.97258660367902 -0.7119928814940721
6.76760570946802 8.523924662061109 0.9165223419987483
5.8617397303722285 7.446585755056415 0.901668259061955
5.13897579894122 7.317395453935331 2.3474384157380506
7.496076199662616 7.017402768575306 1.7576249239180466
6.159270426207871 7.839104097481875 2.149403295101821
5.71181161873209 7.095980402768642 1.7911662809543507
7.950076568596899 5.335573452065787 0.4015543016429839
9.181810775304246 6.322706749638451 -1.0562859280586379
10.02187122435351 6.557409208389355 -0.7511946999220152
9.186399408334184 7.805675559512441 -0.7557224340600216
8.837933556256276 8.571083849818375 -1.3337867107924932
8.762768471123994 9.375938521227667 -1.1170366101463582
8.58274933612613 9.550552117346538 -3.36810230032283
8.2725829482254 11.519943050878801 -4.5173105338090345
8.466341303556337 12.717549057033628 -3.109093839215398
10.484181586731053 11.684979702928548 -2.6082405791689
11.242091021997785 10.328565729475311 -2.36005708273194
11.6552436747207 12.067529468393673 -2.7766887743556783
12.532215360748022 12.358163031082853 -4.6106829987383104
12.905039699718682 12.372349943103893 -5.74415445730364
12.478956394292796 12.21486127968931 -6.88859803997559
11.382289396285085 12.137236488606105 -7.813626594748127
11.903555840620806 10.57095741488751 -8.010462793901185
12.236358089348826 9.23877837708859 -9.234083155560434
12.873660657368053 7.72995170882142 -9.26610627619871
13.731514959869417 7.271765938213193 -9.601955496866562
13.507593359737461 5.459612252744896 -8.356319971770876
12.846788103069077 6.844120240135517 -8.099869315264277
12.683922133648403 8.03811142037571 -9.060648772988033
12.281339736854841 6.965304323764327 -8.788420782584845
11.296509876141567 7.694466397784154 -9.097861883927884
11.224870038667923 7.457383698753032 -7.678664923271412
13.075517920705758 8.525565310924222 -9.604913626500652
11.172308056636115 8.477528389660934 -10.190490778621037
10.91798801402709 9.056212329548107 -10.24071303254166
11.136891590925567 7.7411897896858575 -9.706542951338939
11.281435728504407 8.052158911769949 -8.590540200926549
10.625239024627941 6.943102483298904 -8.42115108810797
10.578534953080029 6.264427684388981 -7.305300194933405
8.581012109931596 6.334211105043526 -4.203197275120052
9.482324925041855 6.476344182448721 -4.6472355131982965
10.838685556414395 8.267123234983359 -4.225566855001519
9.582091930723987 8.534471924234987 -4.009476423944324
9.987602265849052 8.600482850804323 -4.2547807991512165
9.735850032104391 9.927613864940586 -4.240039996664298
9.637390620210066 9.644708028985496 -2.7090924417746596
8.921073338748378 11.114841478226417 -1.2550941792744008
8.584629092529278 12.206390472423085 -3.9345713021051116
9.386953302018265 11.425407466041646 -4.900806727092178
8.5109326487426 12.344599422127652 -2.750754433229717
10.334124017398468 12.888197575894798 -3.387362425779427
10.376006023140071 15.498491457029518 -3.178260829117841
9.747778554141656 14.319141783621559 -3.2813321871664654
10.07460342497572 13.934701301549039 -3.9734703008720853
10.923321458519188 12.407681487410382 -4.315689240862084
10.571162237493617 11.230051556447256 -5.472639200894353
10.59069015419528 12.36370355690387 -5.6467216252203
9.498751584654695 12.459416484905889 -5.619243757171338
12.333285727167825 9.79252250235687 -4.286325785179937
13.145037017860506 9.919910329194156 -4.8424323854661155
11.808176058243836 10.870524846849323 -6.28919358274454
12.669874610615624 10.356704816681747 -5.396649339744936
54.391098103452682 10.32628324304577 -3.0992918033711905
13.357884390503843 10.135118509948969 -4.127705322110753
12.784019308864064 8.157799576704688 -4.772461381923774
12.643437746183249 8.7482156057421 -7.226740272358358
11.03841263114016 10.22359522029682 -7.824870538588584
11.442924416473181 8.618504017452505 -9.33088886793517
12.580556411466276 9.558814063635158 -8.824794106852721
13.431435936609349 11.052234516764504 -7.5945348156579575
13.29873091838709 11.533854027202178 -7.649904765564509
12.658859534683502 10.901620186680127 -7.643328780678082
12.385989307043188 10.7670225293392 -6.921049182933313
13.181505447896244 10.637814414824241 -9.886221851511019
12.104094826101104 11.046872633548805 -10.097846371023099
11.361355218911601 10.694349574868717 -8.840946384479867
11.55881218582103 10.15853864555225 -10.214735581656132
12.888102259951294 9.875584911054444 -10.042630312264635
13.011704963169786 8.71532999805012 -10.3098290552948
13.662826599238105 8.962902784740978 -10.281972886060592
12.978140210158172 9.138860656223171 -8.843056914435069
13.735084294258915 10.53971681291817 -9.618328629696585
11.699039588587485 9.780427447688362 -11.277939353497711
11.651288071249478 9.804225920085093 -11.778726016885543
10.48683333096442 10.190278182072024 -11.866874278008058
10.995718974111695 8.902690274761103 -12.615905961764911
10.517085734057902 9.602785326676942 -12.69706416803402
11.92209466688 9.026320861190555 -12.208370784155097
12.082339657851453 7.321820118199977 -13.638505338623883
11.389618926733133 7.149970903981698 -11.796506950713368
11.160981068042412 8.021542329344314 -12.631765412065569
12.59491180296826 7.665746254277922 -12.481231207795386
14.479229591741957 8.825117206483537 -12.49943917730809
14.755234151736257 8.534533134652637 -12.217147542585598
15.021903686261037 9.068758797462882 -11.035084685713617
16.80180131908206 10.080049293264516 -13.148432420193096
19.21903516039518 9.952300384354233 -13.646751967258963
17.043248507687938 9.344274265326602 -13.004157271081201
15.917529643874293 10.536501765317253 -13.173923831734152
15.888355526949683 9.665387207946218 -12.474651606013795
16.014245610534054 10.864396441876902 -11.133314138587037
15.061385064069643 10.233827351446156 -12.66485857438958
15.417885229899987 8.93951289440834 -12.718984785883555
16.529669271813987 8.834034921735363 -11.339858090217044
17.78951365958161 7.54631188911603 -8.630875148581035
17.21798964547726 9.621297619491584 -6.398624802793513
16.909515200257736 11.190237692882903 -7.318156834258108
15.496401927850489 9.883696263572643 -5.527563645304532
15.569990380226878 10.28940935151822 -5.300002926371363
16.335467586724217 9.280609797883761 -5.4098846765870405
14.69034762548169 9.781486460897282 -4.848684166025498
14.330514762181515 9.212636438603257 -4.147962723718514
13.105650411365527 7.805719038128176 -3.7468837404814996
11.389395546214649 7.7025695746607274 -5.162539353526407
11.049953288790944 8.59789819675669 -5.267529507630333
11.247683761772231 7.921175501010668 -3.897371759746183
10.94976604915632 6.368626041921793 -2.831823572118858
11.206984307560576 8.333836028630975 -0.5373290537014683
10.831544944186257 8.757670494607575 -1.639281190702124
10.50396981748531 7.5309606986604685 -0.43091326179792033
10.076736993816786 7.257113528521121 -0.05085299443909891
10.45469588399444 7.964145024027296 -0.22081141439676283
11.606350609588873 7.807372637293923 -1.3354843394735052
12.035287305743966 6.895135727586936 -1.9434850567141926
12.417699302953817 6.77386552068183 -2.2040166421116782
13.439485970030791 8.339137615176353 -3.2214435423364725
13.108352485100173 7.609728888302762 -1.2101778641323082
12.603315041775302 6.290912113259486 -1.1381490910215286
13.111139099940532 6.138235436639907 -1.6488798002381921
14.140969559939897 5.2702873478542775 -0.09652036421050814
13.872517026305474 3.8567142216267083 1.0724263684541149
14.176216444684277 4.116509127960881 2.5578601413625126
13.090590171900262 5.083046828675504 1.3052351345722546
13.522612270784457 4.981602454291602 2.248598481922856
13.38694128208891 6.1309732089975615 3.424826614491163
13.874544638723474 5.898976740983207 4.429188852555715
13.258609341151345 6.176073747419593 4.189966600706266
12.880601471041345 5.773916554037923 4.395773799460956
13.603662090067187 5.178972542582857 3.791346804908443
14.025750317827764 4.922305863898084 1.9936187093141904
14.00482105279932 6.460937388943401 2.379196132544489
12.663341046424183 6.68710248052369 3.587939681770316
13.400962415777299 7.761705024756604 3.5753637980641195
12.681112209286567 6.389950081120583 2.847827364220942
12.802560407188007 7.581954358770317 2.073321747443979
12.553114955958902 7.062031480778447 2.8042314873954126
11.890312826150055 6.795363080385949 2.3303216864428875
11.091470362969035 9.110109988624307 1.3955185023652783
10.308264430263083 11.362637502314609 3.643416720062099
10.300619768682695 11.448323329400294 5.415462285166373
9.861411853830273 12.11834404444499 6.12420126309247
9.350965262700978 12.976561999273226 6.2479350448492355
11.426786032099997 13.320796306338389 7.177585534483791
11.114279880231825 12.136914494658882 5.168421206800795
10.198564492540772 11.216575521206165 6.979916372749134
9.709058272012381 10.94211121784355 8.242709018591412
9.52121908331141 10.61688896247715 6.988279618295846
10.924001992158132 9.67191468709581 5.152305680269034
11.169920789737752 11.114223721619814 3.5911442839330783
11.095643481435062 11.461288499022512 4.6825075938863705
9.278095467296172 11.602210203994849 5.463278947594664
11.016785129459652 11.033191164041073 5.870467929262379
10.240359392012795 8.620312636606215 6.181809516945712
11.347965309841673 6.472562328806594 6.197767712394791
10.87513576492173 7.8831644258098486 5.871546923005056
11.522813088034098 9.34273904345676 7.862580889653145
9.949325914637845 9.474789461154481 8.135773370355494
9.84590606998701 8.813544666738842 8.852383964323941
8.504767237679932 7.6120379103890246 6.964056686772666
8.917610494899638 5.650215191562631 7.6613277872161945
7.67096535249007 6.901091128104824 6.998111575253706
9.283265050497615 5.353957074709033 7.638941921787228
9.307101946753624 5.900872176777689 6.385074151828239
9.840262965092235 4.3998779846497165 7.106653574183558
9.139833184263694 5.328471083549253 6.760672769321541
10.262487550684352 6.271126322397589 7.507368877199268
11.190160016740162 5.78703074728502 9.205432819238464
10.294407566903462 6.238518830411882 9.014751323664997
11.393865775982396 8.647017191603666 8.455981864201696
11.036991339164782 7.457327775681674 7.877219943117451
9.47584529779857 7.438015624042966 7.762557395080822
9.053412914611448 7.904484509848493 7.01065601045653
9.603154682179257 6.529108076677387 6.307621322136673
7.968295429751541 5.555175571411607 5.658752705350373
8.529322991351702 6.420583273263838 4.798978945727456
9.869292352332165 4.625440908828322 5.199365918920649
10.31693059900918 3.3430023941387415 4.607279069647518
10.304614428751716 4.051138860389742 5.927201883579202
8.098546466892405 4.820496537497616 5.871847271339718
8.274112785602462 5.069502529324929 7.115978590332101
8.943882387523884 5.172475312985523 6.505625881308148
9.079684732508522 5.77229061725767 4.454969230026682
9.039381499409878 5.366269193219989 4.415867140860916
9.482768899701595 5.382221555545957 3.026450003061081
11.721671526032628 4.245668834968977 2.0988435112846804
12.119108564739143 6.881850804396127 1.6223878796187097
12.321908760469958 6.108165738381684 1.8636562098364284
12.53740497366087 4.730359214942725 3.20576106101946
11.540799208023044 5.349959997102146 2.4346166629420765
65.439270024634844 6.221961489871332 1.507502317022162
11.045972347742866 5.629717670646818 0.3824195635722101
10.655406837062506 6.899329795686328 0.33690419877106953
11.345626575967867 7.468137292302282 -0.5316402234290918
12.316214207934166 6.530108454820153 1.810374949644994
12.208100156535844 5.8334726559705405 1.3720395432808719
13.273398248304726 6.048940556989054 0.7770048757158191
13.082691910530057 7.697334794162588 0.219509561291802
12.793434809517338 6.61177080836577 0.11668015981208206
14.706145729539323 8.520747873586625 -0.3328685472953277
14.994989926409822 7.691455229904847 -0.28776477636509057
15.114606111929586 7.086201209860771 -0.24379146445774563
14.991013460347359 7.487468310195283 -1.2276869438032603
15.462910365688195 8.084461086336987 -2.1122538849281574
-15.157322084514908 8.280284849406241 -2.681773179171302
15.321717797719216 8.641364257572839 -1.5688647603123094
14.452010767618386 7.77407475681575 -2.110196664201191
14.888467516486234 8.497993445492202 -2.7757388176435835
15.388005082916722 9.832819017101992 -2.2265420029633685
14.632810225878197 8.986953007844008 -1.0112057724762353
13.53667888294494 8.943280602041666 1.43848470545774
14.411854978473643 9.492549226752873 2.827812319305287
14.105328343891184 10.310470221622376 4.263415561200973
13.172758352980233 9.91774585413292 4.860411165069268
13.348482285981373 9.822210568164712 5.075599640770432
13.463635812351926 10.650669899802859 5.04582270944759
13.196985294258138 9.614016734247375 4.444178468665808
13.844222730996506 8.704894759967445 4.426920503274362
13.868982398781235 9.084568197421559 4.315597734499079
15.467053413059428 11.978292296800078 4.292105408863434
16.65114590171042 13.285207283705756 4.317767842708957
16.966594343042694 13.404003969715067 4.6467734860118055
16.377744175670347 14.45763841262163 5.650219589098386
16.58957632152373 15.68581230121075 6.139589785357218
17.810737816068187 15.085914652331315 5.22673697406666
17.066257207019177 16.060187547184245 3.462935048744639
15.777175011754867 14.339531679874186 4.46395396443592
17.17769237391239 12.873769043417974 4.06933276462396
-16.80626809350023 12.664032193521955 4.3991753260271755
15.536705559892885 10.126883405010112 3.1982782246239587
14.479575470094314 8.439038260463848 3.405039831705176
13.937250052378339 9.395970687584798 4.77260372250636
14.499430130347854 9.543088826875755 5.877851908501747
15.702594838048181 10.159718676136317 6.477413315460521
15.906386880331798 8.922175449887114 8.141958932441376
16.550859361550007 8.006690623154638 6.939088875293096
15.246984345904893 6.9253344057069945 6.686559569978813
15.31897342728551 7.470758848687707 6.1493726434303175
16.646565052020357 7.565466691222531 4.704561989281329
16.840397444932062 7.931122797183958 3.402519495963193
15.01006030884846 6.793885446793722 2.4279857055540535
16.117338567060543 6.18818108074904 2.4654494674549494
15.632148569961476 6.918101672711331 2.8432715580091967
15.6991716923377 8.559665983091989 2.366509011170916
16.37377706036916 7.522045221151131 3.0921621821787313
18.026832492352778 6.680164064819867 5.418514078975038
17.49373359575861 6.2680271491985025 4.924074164833596
16.97896949792517 8.451849722271405 5.903586890073495
14.609086950039686 8.674281875320693 6.744682244314229
14.834524790213548 7.133008176781612 7.016246578903589
13.367001915853214 7.31577850523712 6.28600030810189
14.019911700571063 6.443410999925242 6.32263662025483
13.619015367270718 5.604907190961909 4.190420540613539
14.705757594732997 5.62071095961848 5.474204062488176
14.959904090683247 5.166448359133538 4.8015182196340636
12.951638048142517 1.7706935615588675 3.435345036999287
14.31083101692689 0.7173541683623592 4.285593434040533
13.848096718692139 0.09012856351821086 5.015052454089323
15.165138315444874 1.7404938540761203 3.563460254383255
15.748015975205458 -0.22866563712739896 2.754917094965777
16.676164268233677 1.1833013256137779 4.476040769833637
16.633018850108847 1.3048971999958348 3.903885415138925
16.65503536387125 1.5250738483600998 5.06698153955814
15.467210663120007 2.1021663206050185 4.808189425367466
16.028625655879424 3.255425032595065 5.164472865231179
14.497213437683158 2.959356958691041 5.215773535304921
16.241678938329198 2.6788650186503467 3.73547400131108
16.736598795737763 1.1930520699834215 2.4924609118831387
17.843945613322084 0.026275926664727667 1.6836150342973177
17.432473239679727 1.6316730689711663 2.19648102168234
16.63747361174577 -0.3385149125481173 1.205879980655118
17.90189674703175 0.40569506809762623 1.118074652670284
18.008843634378493 0.5303112340403355 1.9952678486953048
17.369614079736827 1.1665865982235237 0.5077953341715415
17.099427999779262 -0.080662817978153 2.0984500628273497
16.94978145240348 0.31798262456922777 1.8107026839197196
17.64184755655947 1.619841265743613 2.36510168328484
17.7060854918406 2.4822699577160754 1.2289995954431525
18.41318188300978 3.958280740417292 0.8763225284551446
20.202884579775 3.814531337421192 0.7532593206074885
19.233483166524245 2.4557247035428897 0.19201168118258893
18.734081689818833 2.5345846335757294 -1.7138451506771395
19.393604894381156 2.7278818797835744 -1.7284682835000857
19.621655647258894 4.452738963907121 -1.5407860002980394
19.180997736667123 5.827393605371469 -0.9049941213838095
19.637709266714495 5.190088395737183 -0.056258102084927764
21.988300420646738 5.240472695424377 -1.46760258101784
21.87862737068318 5.199553099333567 -0.7434257959902483
21.075988315303718 4.589439949606695 1.1153681430076388
20.992826334504333 3.626673412858855 1.5953687120144138
21.706240698830587 1.7299157740546918 2.4727169880597555
23.431589367182806 1.710943976513949 3.5562961054513416
22.75108352038071 2.6090832720246033 3.7303993381486835
23.497360881154286 3.151418778307185 3.676710420607471
21.622178933141093 3.789566629125792 4.524682461822856
22.02341292361756 3.101760773240852 4.109436454347217
23.66781836762321 4.081924099433062 5.016779309825929
23.133546814189902 3.1241770342745796 5.248522832507119
23.060951929045345 2.190025867409072 5.378899646763528
22.950009372711907 1.7923911280928801 5.195733598818157
23.52332458358066 2.801573133707993 4.75538888209436
22.348272966932196 2.730744131524065 3.712425901341266
23.960833027708965 1.5445245773079384 6.123255391027778
23.455983398858546 1.7218508899433544 6.539833478797655
24.0807003310967 1.831053840446179 7.146469279975514
24.285174536452384 2.2011748072489152 6.516167752898494
22.90236264709897 3.2411462807264435 8.480387026332856
21.455863429726712 5.663840017668033 10.442093728686878
21.267036114206118 5.980274807846569 12.76468381981229
22.587206402332857 6.500268819903262 12.527740865837782
21.57690291634274 6.750018965197761 12.820760436453558
20.286977853240238 7.034762751640812 13.25391056682887
19.35819205381261 6.467215851833426 12.727407415439005
19.98416794015636 7.211496298974322 13.8634995568698
19.10391547307677 5.003118744471711 13.191177078435928
19.41478781968768 6.229844473037313 12.81962501924624
20.44061402998188 6.905093071587731 13.043930514445403
20.437206854025582 7.142092556837213 12.963981317306876
19.47358926176958 6.158635300826471 14.313071257559862
19.912856430796527 7.451270572268466 12.522176334620141
19.752463772995775 5.6093417819323825 12.818094251787638
20.00314523964223 4.040396831745841 13.72626238668976
19.960612179558318 4.677934706177693 13.666665314073402
19.13294844914688 5.663876614441437 12.64729129660412
17.170427482958114 5.05132169167052 12.54309667518372
15.66886402318783 4.98414718517008 12.261864864555537
14.97447333023375 4.126449489646137 11.783248030589371
13.679074995642175 3.890083449844598 10.528418218894778
13.019356066602366 3.635308368115021 10.941551551920975
14.084336347903893 3.2168285949640896 11.529675053670164
13.29040074041917 4.606197405368759 12.060289018591575
13.26168677811233 3.6188129081238993 11.905638109351266
13.5614199692786 3.6200226413368157 11.562190430696242
13.991952456765949 3.742164537752429 11.780458207544754
13.561092366451332 3.4922349680428364 9.996490170320232
14.206544566424498 4.186940114305405 11.068500753368728
14.647198535488855 2.9933873108062476 11.036706459537992
14.121329873532776 1.0458896632557133 9.59601831903673
13.53349402890069 1.1037426883197219 9.729239680933057
14.168310239066747 -1.820476164066107 10.655241118622136
15.316356348085746 -3.364383090263627 11.112111343220805
14.0504760812148 -1.980034241160887 11.362178271514235
13.13858663363838 -1.0091291582545505 10.635828428425828
12.533742478500997 0.49733479190912844 11.322748542808649
11.768962803095704 1.377865885814109 11.454255129249708
12.86039044318996 2.163183510981704 9.655644416331192
13.828534408958049 0.9454885566291078 10.5906895372373
13.609407749553716 0.037924458658694316 9.212464685497054
12.364070049384027 0.0996289342950295 9.001591402183571
13.449090519504432 -0.8639270627296959 7.3127519893079755
14.087149632132853 -1.8337547955983464 5.004552789432504
14.33302466794536 -2.996514394383947 4.116425950032845
16.51564129435953 -0.03699050765244927 3.3720515602402625
16.2160086965757 -0.7910431500729408 2.9045009260831582
15.28346502667763 0.9431374441926635 2.6755578223938175
15.559910385692216 0.43327018731667855 2.301703603094572
15.988519430635497 1.8179994806846715 2.4368753350078323
16.8638890074515 -0.4373750442568891 4.072689082990154
17.1563440054189 -0.17988255098142103 4.4377934198871065
17.779000665238357 -0.564835910222899 3.323477194649583
18.4209494874751 -1.0451778850096543 1.9913649311716766
19.52845123086735 0.008809633951718299 3.7853896803003844
21.361223180721726 -0.3454632231678148 4.423845343787448
21.13242801126787 -0.798278848625849 5.044696846496022
22.232065575373497 -0.9068373870109584 4.2606796876684445
22.55138611738409 -1.4312099009544959 3.4671902421142766
23.04071667814389 -1.533752384605815 3.395213993481461
23.212118486331047 -0.3494472722970894 2.041542130884567
22.727872379090716 -1.924129819889111 0.8148847864087794
24.163218634994198 -0.0065859240546974895 -0.002775647163143491
24.685179281986283 0.23560005681345703 -0.3194094125480777
23.621121238029964 -0.5671967296478384 0.10924409662414158
23.497122551431417 0.10978255558360261 0.6269073800814137
23.043935270314687 0.4571334640461531 0.023072675892485295
22.137954067573922 2.436899175261997 -2.478232469632487
21.287121465465518 2.3336120697737477 -2.360160339912144
21.2487019088998 0.9380279623580028 -0.5890631162311679
21.10388546903665 1.9189444277282688 0.19623652768847055
19.036873107002815 1.3741456366623843 -0.8619277632999662
18.421502392922566 1.4622324366643895 -0.5145160421744042
19.226381590418807 0.9073506859712156 -0.29633589900669544
19.39787782541056 -0.5850199173737071 0.2567578451177358
20.850448447116605 -1.5093493478961264 -0.9954518151117563
23.11943355848862 -1.0590532670979154 -2.1895844687184707
23.14618698627907 -0.7520696858642288 -2.6416924262252
20.77957967204884 0.16421339288993897 -2.3431216101806753
20.61273922339015 -1.3629869531742114 -3.7701380831400204
20.482821565660323 -1.1287355926443 -3.3469223583963865
19.64069239847818 -0.29821927936026393 -3.9008577995447573
21.347869212346232 -0.6613290713006943 -4.116797588678342
23.23448077652519 -0.7899663841667708 -7.240290102512644
23.086213563007902 -1.432209881332804 -7.7314097575725125
23.335849415801913 -0.8405839209929721 -7.340451612226681
22.558560098117695 0.31282470093355264 -7.226936555978211
23.07555551049631 0.45429717101257505 -6.926692060751839
24.664160410074235 0.1695541595078982 -5.812562004465913
24.73503421650637 0.5908088518876949 -3.762439368633022
25.038055383681815 1.6996889301753182 -3.465328944316364
25.48406472044014 3.465889227226336 -4.555420997672002
26.816059734933063 3.6517118378620577 -4.9154640347901095
25.824797372023976 3.2768257107498475 -3.8645926366271857
26.938477793919525 3.5515839746460665 -4.685325688416697
26.88756715902339 4.3415539864838175 -1.6673277007539662
24.766238774457687 3.191174552196634 -2.583224082922669
24.806801452666733 4.109779012919592 -1.9884453964208486
23.30331540127175 2.6820755407000956 -4.386095394504533
22.449460934588586 3.1254259862453546 -5.642313583941336
23.966166977650733 3.6901247925666647 -6.024790251853845
25.061947644681723 2.419569621910168 -5.7358072078519395
22.75861198071363 3.2793691091733135 -6.897444262415209
21.92847678502796 2.949505684094199 -5.697191731251171
24.16349225287199 0.9775011733853207 -5.49442488524889
25.066274463574214 -0.4659339581607449 -5.678690170825113
22.856252511418127 1.1541480993248352 -5.027351547074518
23.709178660303547 0.37634569635001736 -6.026564785714745
24.399090179586103 -0.005466582745545623 -4.846142679544095
24.488241404091344 1.0684994945225006 -5.278797871986829
25.164413973293904 -0.14468013290401838 -3.8650890974861802
24.875747707626953 1.0254294844591505 -4.007041760640683
24.646227970270957 1.5706808479440433 -2.8133967267580955
24.123251373283225 1.7506879069540315 -2.494935192742572
21.250190563340094 3.210794509772571 -2.9196525608451767
21.11944827672465 4.308183025165825 -2.9199092487648457
21.1317955886964 5.194585524012664 -2.7257953515883564
21.178199326520023 5.245677707090249 -3.189465156141608
20.299217741656655 5.808843034641986 -4.471505482367824
21.758568675090334 5.4537156487574014 -3.3119568806774238
20.37757490325783 3.703213758216082 -4.933470978724509
19.666352146222764 3.9773344139818176 -5.284156288032956
19.85031079413408 2.7053970309535496 -4.798349810198749
20.652092171980104 3.2533978443322096 -4.256239589177672
20.750912396006658 4.13106211747778 -5.052811231800257
21.96418012905754 3.5579928199634154 -4.927282597884968
20.32949087396637 4.660181595554423 -5.822272870034571
20.072497846462017 3.9664365201113823 -6.835781809349524
20.43119344682656 3.5227371392600233 -5.911828429066809
20.133418885900582 0.8536778746679792 -6.464624891429385
19.39258103424517 2.366518491968857 -8.07383104714973
19.865722633691767 2.427564835825869 -6.253641988494811
18.818923155570957 1.4630852931394158 -6.236268474841449
19.22354002611074 2.4810842873169077 -7.693129916057311
19.937815628807662 3.2306009142877645 -7.336754395606106
21.31283734445884 5.185019596743653 -6.727869209521742
20.33473968555528 5.693295474181685 -8.0881943459189
18.37221610998336 8.196086772589767 -8.837677836100312
19.436425214425853 7.5753407160278154 -9.620618711091401
19.377626305957794 7.55725680371604 -9.990231765125781
19.451366811090892 7.828567343646485 -10.296775043106441
19.079439389785758 6.502066874484648 -9.299447431325047