1.6118700561777681 -0.12897540705576094 0.9699919693308419 0.6192703379015002 0.7899212573295297 2.0242280665518058
-0.14617291831538212 0.04408317085470806 1.337490206271315 0.4618463555749791 0.3691849515778625 -0.26628027493136447
2.5734872871155416 1.7551104549093277 -0.5739636289565307 -0.1892231553060778 1.2766538428406626 2.508417956135692
0.929495941679099 0.6131617379344766 1.2945135243179244 0.891533966444287 -0.8397842996286392 -0.14146983967615534
0.28784421031864305 0.3574438569422247 -0.6594222227028911 -0.9701991335278675 -0.0927032334690364 0.2845918746455743
0.08959376512087153 -1.1152490705877833 1.025179498935758 0.2024134893778894 1.1430125808197367 -0.05342670089486101
0.13351283065976727 -0.6776918114939459 0.0063834265970934105 -0.9646891372564315 0.7484650858913083 0.267635889883642
-1.9676694534230614 -1.9755994032728366 -0.7742888645422857 -0.4650584398785673 0.6204582224180897 0.6974344212375717
-0.06839601072456582 0.04407199526833239 0.906163340858846 0.7602893747446263 0.4210176081878608 0.7892112943167655
-0.2505837704918056 -0.5802538129574998 0.13064822736719967 0.1470423655161026 2.2039766236738942 1.1293259607739352
-0.5802305281105129 -1.2420124476330765 2.0402046891633265 2.0751663202419435 -1.4882652996810826 -1.001402108520275
0.036458064389384356 0.8483376201807805 -0.1027766366917395 1.088586241537653 0.17146863744993127 0.7091913158885039
0.020880878411882936 -1.1855765183526978 -0.7437819294284466 -0.2619962213002765 -0.07729886507308964 -0.7048750576311756
-0.5671526496674983 -0.4745183642562592 0.4256951175796725 0.6180587365525998 -0.08140025163770899 -0.7507141536688237
-0.6695818289213331 -0.04195956744106005 -0.9078224805479472 0.3228994418438189 -0.4813985470053706 -0.6558960821514523
0.6099303270002856 0.1255768698426299 -1.2677250820481294 -0.747384339983238 -0.3451733057587452 -0.1256801074388996
0.6952341938199802 -0.19042615094474147 1.3645651633725058 1.560819590461369 1.2220916700293765 0.34164693995448003
-0.2981103053595664 0.11590839122037822 1.1046048898696006 0.21232071863926216 -1.876449681224949 -1.345454826820554
1.2904925473613795 1.7848021526197415 0.5111670570466009 0.2241035699621568 0.640870324131269 -0.4838529226576759
-2.1291352283634626 -0.6521938871940434 -0.35996078854942015 0.1036255410218046 -0.07319545527448579 -0.3456590941935847
0.902454215263837 0.6685430244663523 0.8555695371165459 1.3899477767118684 0.38923544974020635 0.17403566573250917
-0.0588847905970757 -0.8604985045430057 -2.0395015905691327 -0.8080367773336238 -0.8913450093662137 0.16930824349843787
-1.1619828307466744 -1.7553161848765164 -1.1948905817810536 -1.0032087168811512 -0.36902965103232543 -0.17578259823261466
0.12104172377103557 0.001815033062597421 1.4703158941446 1.7074568178839766 -1.6705306375044067 0.028318047295328386
2.1471268598888686 0.4298003409965583 0.05038401615620295 -0.2656170041117579 -1.4455688170723633 -1.0388831491727906
-1.4573185847943968 -0.7416345803465184 -0.7326822337847871 -0.962277110510066 -0.39012950880518094 1.6391665248894918
-1.8840322077387024 -0.6293466351186554 -0.19081492997622485 -0.7965179893494249 0.3514527344620755 0.28799095440717115
1.0423306597956863 -0.06399194593816804 0.21957711561906595 0.26552453545788524 0.1144945410271374 0.21181544420631687
-1.6541421714087816 -0.7849771860745592 1.8366276853167764 1.645732576425036 -0.7205669328092132 -0.7246000231736673
-0.6938787789368654 -0.3533724574679499 -0.5434451157237796 -0.5292305460751848 -0.037933482877504546 -0.12786140440597812
-0.2068661413063731 -0.6478875399334627 -1.2798338227201451 -0.5210435597043008 1.10773859563625 1.1260871598964526
0.9173434445588331 0.7292657980262692 0.3114195905778218 0.16150223745379252 1.0974414013999676 1.830519933175623
-0.7535631746636664 -0.6827632812351567 1.6622591641624016 1.01006136819349 -1.6075461003525788 -1.3118420873148797
-0.8411961925128467 -2.408586157855626 -0.6543103076437257 -1.255861919214545 2.355388723148765 1.9686495590198683
-0.5795085000005721 0.3442194358860924 0.35444451045773 1.7938498742474471 -1.7226636369651052 -1.5858151617852014
0.3585681308152536 -0.3283821275329656 -1.147331895403554 -1.5359359521967497 0.17443776821691184 -0.3937266083952792
-0.05561179301039543 0.0780038928431456 0.2700597698019608 -1.7203586720070343 -0.4287664714134469 -0.09955391075561873
-0.33115549905593616 -0.5889881753247583 0.28809287675959405 -0.13316162644077117 0.5183050405979883 1.7442108573335195
-0.11122253017233638 1.1101910770226713 0.9197424183117929 0.5676500844367739 0.4304482088457371 -0.2080647245087674
1.8806449394396894 2.3199603800581112 -0.37830608607229743 -1.0550548996403502 -1.052060939959032 -1.0625804639332368
0.20732427570467785 -0.5196487320062212 1.7201005432097103 1.2432667030418443 0.6731682961038806 1.7399673832567744
-0.6886955188550207 -0.6537695818880513 -0.5086295558040116 0.37517176647035977 0.06337631827044893 0.2784736163759723
2.0020474042601077 2.3722697314038204 -0.2577044706086066 -1.5076816708602911 -1.9398180805011713 -1.2468284388661877
0.04665944412960229 0.17962995667930415 1.5557387920932428 2.352179577120263 0.14400227167329913 0.6890631124886575
-1.0615241943273086 0.33357354189783095 0.804868884414081 0.2304663214122749 1.3967237189242099 1.1298624967992048
-0.15436436594969452 -0.6274183131117259 0.7131476769183923 0.03698701820396921 -0.07071426256938312 0.49269851856330915
-0.6104513351077913 -0.8386667087661914 0.08162668658402056 0.5952480352229159 1.2241733942655513 0.34189097791635004
0.5999278354500507 0.6015614639388465 -1.2935739766703667 -1.7990142326870464 1.5043556148102657 1.0154651026991257
0.5999867154225728 0.23613145965415283 -0.6491259320321315 -0.7348574424934853 -1.7015285614383158 -1.635810243326767
-1.7134430633868178 -1.1469304549295818 -0.29739465901658446 0.14131690972023067 0.4736650615471303 -0.09064320713339763
0.35816236339919594 -0.508268424985389 0.4188750156521906 -0.09102430942954826 -1.011500481392148 -1.964270077400753
0.6628269359896578 -0.6776626032552833 -0.17173632956060955 -0.3953733726262971 -0.840728632201388 -1.2887510580199963
-0.09416127472902487 -0.16214084394387335 -0.3790206955380776 0.056700433452958 -2.217769106383263 -2.2900685439887707
-0.6101666857128737 -0.4838613361357534 -0.8453521626167612 -0.8380555630744698 0.2928372283015696 0.10175813469620042
0.5332361456411004 -0.4228468619028869 0.9554075796573532 0.40611169651494217 1.502955077182191 2.4382852007390934
-1.2348526586749708 -0.43634273809722335 -1.6174127208078815 -0.04517412708914925 1.6039574544677855 0.9221010920309871
-0.10014699733450698 0.33706638635396047 -0.048785733817525226 -0.7552386407625077 1.1593302929248217 0.8401002313700503
0.04515245869053957 0.5603174573678813 1.7140161065139778 1.4537165461410362 -0.39294116474278684 -0.49572965567654975
-0.07164676222587757 -0.1812918600778144 0.9692399448533038 1.4699254397960222 -0.8847546815800854 -1.041630490392998
-0.12982074502117807 -0.3967581428647137 0.15164113058730855 -0.04745158235709113 0.7939130459917265 1.0352562685898785
1.9150182893453673 1.1082063482083861 0.7299215939055792 0.2930739030904935 -1.5953984398451404 -1.233692047450287
-0.6089545730767532 0.47707633513098374 -1.3430698035744288 -1.002145646249323 -0.08126880767204486 1.2725377097133717
-1.038267191526033 -1.3862266981606801 -2.6919855061980567 -2.192531798816066 0.9872240101614548 -0.13692729528492242
0.9430792237028646 1.4195634468264244 0.21000382575138116 1.2134038109130134 -0.06131331150357841 -0.7211556156865672
0.7186454543749595 -0.7242001614379913 -1.144474726756651 -0.8448364205656395 0.44140348517860517 0.10005848108114529
-2.485035457802207 -2.0776981762807343 -0.16568066864821585 -0.4648840144713847 0.5487838577843551 1.3199168631065217
-0.5347972834418714 -1.4932560082676989 -1.2884418182904478 -0.6336614727461078 1.4925525379885345 1.3490848724517766
0.43449993145787913 1.1463224985911022 -2.324594741708586 -1.614222926613295 -0.896202940716643 -1.2336698036705267
-0.7303571926851822 -1.2160176288276556 0.9322776499179224 -0.31838668959991856 -0.4625529091644262 -0.3356935724112175
0.5104004314359539 0.0643916840919283 -0.09206549847817529 -0.514833843411159 -2.3804257200224623 -1.8486843228923768
-0.7146779548330568 -0.858734427778773 0.4486126202312403 -0.25336572089146486 -0.918908163450213 -1.6923703391733578
0.2017934281391879 0.5423484848635838 1.1796004068447248 0.4243825688539798 -0.6100031396907936 0.8047687530484493
1.0233849248498434 0.8877640938340347 1.2302729445476148 -0.02224002458626828 0.8543529984754902 0.7618664810357385
0.29466547737163123 0.5985923094801145 -0.45105253592406025 -0.0691735180548646 0.2665236975555762 -0.3630319878977573
-1.1975555767292418 -1.096899399991055 0.22764917648170443 -0.3162008435380142 2.0559647047606133 0.8986017976249654
1.5111921247090632 0.6186083568873424 -0.8647980806543792 -0.3816722628474149 -0.6207207687195645 -0.6066014613069686
-0.79950503257076 -0.7602330990625801 1.9679461132191096 1.5681220075031144 -0.16222257454296837 0.3980731964576135
-0.37409040422989587 -0.20137702773802552 0.6522098876537018 0.5427103985268857 0.8230752223767469 1.953651821138705
2.362737093436724 2.132700304249521 -0.4190364910682076 -0.4822146336451143 -0.07676811132832496 1.2830293131532726
-0.5612065982300734 -0.7266022300807906 -2.01742630437717 -1.192099927989788 0.465255932550346 0.6215757848566905
-0.6337778912723636 -0.43480852663200736 0.09950614323177205 0.08084960549219339 0.7776224016738242 1.5730814737587089
-1.2349798353098436 -1.0767216431169477 0.2093743424538384 -0.15231685475829204 0.627755429172248 -0.6065204973624455
0.9562762317307997 -0.47281519393375604 0.19278098335329777 -0.028656116643074048 -0.8982199865470046 -0.9622280503591407
-1.3925121949881765 -0.4742245008484165 -2.0747574095075274 -1.7984344373696282 -1.154749769560432 -1.4474260463447162
0.27056761571222687 -0.159054524023258 -0.45978840946339716 -1.007249340641072 -0.5342482082880661 -0.1842324224286877
-0.8296876568884514 -0.10500873756678619 0.9581599344306738 -0.07354375927001844 -1.6136125432799124 -0.010211442422300765
1.1419979730201377 0.271359242331887 -0.7038298751415192 -1.243811906727919 -0.4047323533924757 -0.23237068001460137
0.4397925947701538 -0.07337348705253177 -1.860522686948142 -1.5489571325258351 0.7274524086440952 0.31880148107556405
0.004407508745557832 -0.14344817802454815 0.41760100017744395 0.7220510819056855 0.25620356129079924 1.0657394929120787
-1.1755364905290153 -0.9636494713034971 -0.48938731876633534 -0.3048053733380497 -0.14095205788299192 0.31399571056076814
-0.5548047947034824 1.1909892073252137 -0.9182878003925019 -0.5330032988987917 0.11010237855171441 0.5238307856648147
-1.1945706039721622 -2.10370717761046 0.4796381718003704 0.16167889308555383 -0.2533482811207836 -1.2946586193511354
0.9979076969544609 -0.23287621581162066 -0.4309494758847897 0.3161383547255473 -0.6372583857383424 0.156641999944642
0.6656581327454691 0.7629920619580537 -0.7648038465588565 -0.4628311735720303 -1.5790335670820153 -2.6438796697783067
-0.23667932554534862 -0.004597273262219814 -0.030660985725297612 0.30803746925404557 -1.046214336336057 0.1464592998908515
-0.4177174020682363 -0.4442041738433369 0.28427499596044326 0.8746736799774155 0.25835574215456036 1.2244886379898898
0.1200995762997123 -1.0512524761722504 1.2012415247509534 0.6307946316027111 1.3576742020133803 1.357916527082172
-0.5266731347863902 -0.6129239664562303 0.4790655526546344 -0.18289322443595096 -0.056773402626542485 0.7529486030687466
0.04515042670874867 0.9627858367745513 -0.6683601296965875 -1.2832072652107762 0.36131280101294555 0.6522350819391329
-0.0962168780408878 -0.5789586442806594 -1.3672158679359676 -1.5330705484461835 -0.42293032328535607 0.24691224335303946
-0.8281507825441831 -0.8143984967579996 -0.31349459623249687 0.6542080387356368 -1.221836325761035 -0.6787175060893442
1.2628550225910005 1.33860749684571 -1.0743080921024706 -1.453485799508524 1.259083081790222 0.05885401709639537
0.6702441311111627 1.2971367514204997 1.407001476088716 0.43309904164055224 -0.09499295189188482 -0.8073278966443629
0.7139984094378355 1.9234549149150466 1.797271888920062 1.455569266402526 1.4121790689173654 1.5537534578982686
-0.4782737886279555 0.48613729399519107 0.09828287519010134 -0.5889929592367092 -1.2334744205027648 0.6937483168378796
0.07792459189759031 -0.18293320486351838 0.09203457613502508 0.7220846638984135 -1.2886681493422205 -0.14644658148581113
0.21822200126388908 -0.6235656186459193 0.8898609022586056 -0.06868179290477705 0.6401707545407362 -0.2023297994283137
-1.5012089024038913 -1.5598210470089655 -0.0965565086037408 -0.4539472690055457 -0.8129466963426988 -0.8557356476037727
2.422391921730425 1.326500001717436 -1.912135559597555 -1.891074521750022 0.9805249449085911 0.916238322182598
2.016446730249031 0.7327962337921657 -0.024322850937633658 -0.0027853607694002247 1.926956155894345 1.607121882841329
1.3447025312314589 -0.11696022473646517 -1.4235586723090954 -0.5866143196421906 -0.08375934651920765 -1.400141651295088
0.5032904481456808 -0.26477161528372417 0.79348600534873 0.9230357427909436 2.4098901047361823 2.238306793653315
-1.5381154090483418 -0.7571116908162673 0.3953051499004045 0.8706960726564466 -1.0378515160203143 -0.8169194180175202
-0.6773638303770544 -0.6914226786984131 -0.06590274262906132 0.5755989887947535 -1.4126756723804665 -0.6691552391637654
-0.07864784601800702 -1.0661361419110433 -0.8432210230730429 -0.11543535148066242 -1.4591520937508216 -1.6735550893895281
-0.37635235780960724 -0.045927173632418855 -0.4451694103381674 -1.1742368118240305 0.32634269918385556 -0.242924275571004
-1.8129597029230664 -0.4803781175369878 -0.1273120877359842 0.4231421736466801 -0.11199044837008626 0.4298923442769099
1.230553517896656 1.6292811825030196 0.28438636817945195 -0.7645298247365561 0.18559373210184127 -0.2445860042984523
1.0633046607513228 2.32216021853717 0.7961716294673862 1.3237615248993064 2.0641615157334257 1.2516711095295614
-0.5811111166637684 -1.4316660489883293 0.9031219535124636 1.205306819614635 -0.7073977342309219 -0.03084720908290528
-0.47964269129487924 0.16048687189177002 -1.3415481470128123 -1.3298189238670934 1.4048423220931485 1.1479144786972695
0.5490449503654112 -0.35722126799253884 -0.5183187521927182 -1.173292596617371 1.8441573393721007 0.4537722524415324
1.6505920432300925 2.846299191174278 -0.510217721348415 0.036622093620350515 -0.9836589724607885 -1.1151147098083107
-0.2740349808361647 -0.4202906511964791 -1.5348851392887486 -0.7137246373901741 1.2032784160046284 0.5142657219298928
-1.024467067313164 -0.8614640650620506 0.6887796134969061 1.9252564050357512 -0.01370636648614359 0.489349934189479
0.43498846268915864 0.5559519674414279 0.888777085413365 2.2999191555529412 0.6128353921594324 0.04452435343485167
0.2559553445118544 -0.18213818949921026 -0.3933575336736587 0.7035218155251911 -0.8264540565336125 -1.11784470356616
0.7021616880529626 2.3627886247828487 -1.0240950589300946 -0.6322615565549488 -1.189613652894527 -1.2187987387432508
-0.0028912313979059367 0.81127538222302 -0.28285496112215586 -0.39561415159960844 -0.41743413861259204 -0.519242856431343
-1.0875062555868988 -0.019487757246030357 -0.20432062194749626 -0.8649781112124324 -0.07887605808385331 0.5304833249839702
0.12817469229929807 -0.2894515377982973 0.014173877515382134 -0.6152420721039059 -0.07875607474596105 -0.7186722054522329
-1.698577857810254 -1.0810090185783385 1.6541337441277075 2.0919571463649484 -0.29289207009695883 0.005177705440012503
0.5339572416355879 0.4714248576828033 0.22916399917671962 -0.14325291551024558 0.07013073985126747 -0.46615568595402057
0.7364051297477282 0.507595574676228 0.1274603692794117 0.22317653930522866 1.1583652948763632 2.0384121503158537
0.8499053053498099 1.0523799016285513 -1.4867038088504267 -1.914712967478584 -0.21928164359256352 -0.5268206699741651
0.9348707312253643 -0.1542539717440249 1.3849872496096307 0.4885856327119479 1.342016330601462 1.1309923193312925
0.018783385454077935 0.34569622577625236 1.1004201806895704 1.0279040591517812 0.4504911929113766 -0.20004620660375383
0.28053761550649153 0.5303037438429834 -0.9799000809351728 -0.8290294696669367 0.4962884641460186 -0.058089616108982056
0.4751252340615985 -0.057555103614389314 -1.1907125480765852 -0.7729190360735159 -0.1402341946789976 1.1650124616759612
0.023501712091600204 1.33676944308566 -2.037075042153601 -1.3697804926273314 1.3515637490835986 0.5158445711289841
-0.8136842199749851 -0.6606701039167714 0.001090938261938794 0.42778418768761145 -0.18044044385131297 0.22592619980577694
1.0144892978385311 0.43688302586503325 -0.08416441452724215 -0.2874516610656343 -1.5405234297855255 -0.8191308910708825
1.0656305433779363 0.3847698949762364 -0.6757471757526597 0.18031089604989248 -1.388853380351888 -0.3049569459617222
-1.0009860882009518 -0.26618286964705584 0.9787246533440219 0.389616803282804 -0.3137414276757442 -0.6856953665298915
-0.11166606296749504 0.14790810705686797 0.26608553131732654 1.536292326195765 -0.5668877616210115 -0.45574380183649577
-0.7186634716638609 -0.8992645761730875 0.01638816888491107 -0.1640518502875804 0.8214003286466499 0.5535137767588143
-0.30202577955405235 -0.8165515900560298 0.10656711073531507 0.4010911769601663 1.3540407443271008 0.7680040645887031
0.3642466287158647 1.1890737134505334 1.424994478798269 -0.21740732867588775 -1.0502284383940772 -0.2939727143882257
-0.09662380477578508 -0.17734253371196335 -0.13092180826969899 -1.119810658702211 0.047296394715709865 -0.7004098423667845
-1.6576006481953443 -1.5841738750362993 0.732861734937206 0.002134642458999969 -1.593892687910678 -1.82259252609312
0.4334935160371036 -0.133379119603873 -0.36322039150514557 0.867201011628756 1.3204148805834568 0.8185455541930093
0.7389614385327223 -0.2044697013162573 -0.2175847120789848 0.706478284813047 -0.5819071592049581 1.0369888408778085
-0.2617133235391588 0.31969951792684553 -0.013998716626585037 0.08170775085375148 -0.38153076572647016 -1.738993207736394
-1.4744065149945784 -1.596901271827758 -1.2932326686381854 -0.9865944032963034 -1.6533947714680084 -0.7989524486181409
0.8413057947846069 0.09517121337858037 1.725261039323525 1.1666362749139194 1.383997070974104 1.1607896589683995
0.6847574940875713 1.2108025075003401 -0.9930471610809758 -0.5645011111954732 -0.3427614878447142 -0.08903716019393468
-0.6992728606631731 0.20814998314998046 -0.35746146799981204 -1.6451593882879856 0.28493887123745093 0.4839984973194136
1.8018203598522264 2.5055131709208776 -0.3431484045087443 -1.0110801421507774 -0.4367311991163373 0.08013939705666734
-0.21910492338499638 -0.06068496684779645 0.12964114837872884 0.38458912805243595 0.8585557926297996 0.36936705679039833
-0.47671470203822247 -0.302475179954614 0.30651453274972434 -0.27064276684795957 -0.7764495613379028 -0.8426313460936323
1.349570642249085 1.248398356777349 0.644086733010899 0.028249504889496235 -1.7492821884280678 -0.923803607096896
0.14388444436588144 -0.11425491913016661 0.5690311895579061 0.5512835015645232 -0.4316122488571139 -0.3839406298103272
-0.35842165018306266 -0.7992297101754212 0.894796200173932 -0.9005581317789357 0.5152707235007312 0.09880291514471884
-0.24197190394291868 0.18710977714244487 0.4912432249838272 0.1612216706009792 -1.5669426702319638 -1.8120005569800357
-1.3776385511286933 -0.11428886348272194 0.27915697702297726 -1.2688427639113782 -1.0938608536932124 -1.686277890537602
0.3594341359296043 0.6025836992802657 1.5022173280044537 0.081618385603482 0.09273947777393363 0.08293080279075751
-1.916695218270629 -1.7659625262039587 -1.52869513955161 -0.7686961484779473 0.3718452367032644 0.6693177985366261
-0.8450379442876912 0.472700549660271 -0.6825964756435454 -1.0004704841349716 2.099318966509625 0.2135950581945929
1.1110266031625269 0.34004513443514184 1.6306465992939743 1.9467650985366252 0.9273215045492043 0.643506002902783
-0.20693931907384683 0.13152444374804334 -0.9752649193022299 -2.1548726334807524 -0.155493117894837 -0.0448648396224892
0.055070533231782536 0.027034338368111283 0.15047553665746727 1.553607000969151 0.2572064576034072 -0.1378343377010166
-1.1280523971343632 -1.7573160075084548 1.3891320177155484 0.628286941662165 -0.2704495704597105 0.5729274330804655
1.2427259517749307 0.44214259781096416 -1.1970987674483489 -0.7233721692009782 0.2744536790083743 1.03780673887112
-1.8686609959895932 -1.2019461618306377 1.370484521280957 1.765416597755257 -0.9180170516930164 -0.7349581924168018
0.8153975943675226 0.197081683299127 -0.37912808852771673 0.7419660025445782 -0.9364901925391512 -1.5256458001030073
0.3307372790560257 -1.0396680580659803 -0.2603740171423249 -0.6972749668564264 0.39666108055737015 -0.2745492781863421
-1.1774003598697276 0.2862755897260201 2.230599259075999 1.4847834301280853 0.8930939238906719 1.5331971856196138
-0.9402746459330603 -0.8197485079647935 0.8486041685047242 -0.455561310805191 0.9058982814094078 0.2908283493224802
-0.5712715578047268 -0.5983283999641998 0.6409911849911346 -0.10080308597336374 -1.4080658111647482 -2.5395204842811108
1.8735142827341444 0.769586082353838 1.6803394690408116 1.793369985806095 0.44125818715296566 1.1945104226295178
1.1967975201949108 0.5280844152863414 1.5300465647396762 0.24742178793279745 -0.5202775863130724 -0.21786547133199047
0.6132056166580399 0.018498248952080187 0.5614216218939502 -0.1595429370011645 -0.852896011892745 -0.574917247970083
-1.329635246953648 -1.7267935960922645 -1.663809794636217 -1.5207944604370875 -1.4921506604001307 -1.3106075090899998
0.04440115943019806 0.1601093037492982 -1.6433266947229195 -2.5781665132314995 1.1398681171174163 0.3651702893726752
-0.08529252938162639 -0.08206399269207329 1.0960701178931733 0.7663389665378879 0.29744119181573225 0.32828827001088573
1.150789287957237 0.47711852978951147 1.8323725183725217 1.5407666512533156 -1.8688922513172854 -1.9762052724407222
0.047380541939641446 -1.2663813225517206 0.6716398730626373 -1.1033221862661038 -1.838392297061522 -1.3587543576170074
-0.03560465609757751 0.9978777536497588 -1.683157919293614 -0.5728325398031725 0.9335141886493353 -0.19443975721407125
-0.25801651508589235 0.19744005399662418 0.760385633420667 0.5668608025580867 -0.7664178254616598 0.04570468197211974
0.6057176968997685 1.0784628802428635 0.24536755783209332 0.6553385492139064 1.5127682901718467 1.7508249067778985
-1.4372189071627752 -0.9563965386943825 -0.30951586625344546 -1.2527669607143168 0.3078629822452871 0.03368086649644095
-1.3123495681387285 -1.0674182057213586 -1.549093483664359 0.22445286680398313 0.002533169455499627 -0.5415383960789268
0.6584016357881435 -0.612346483014196 -0.2747232143248511 -0.8145068519596106 -2.117947066397891 -1.3832543250210443
-0.6876520609890675 -1.416261642787819 0.2696398172392459 0.8302808842542749 1.2166848254826603 1.2716392677614123
1.7977802202040063 1.6589296431318508 -1.4941597224501473 -1.545768986108254 -0.6992400582499517 -0.71010765294187
-0.12285078707165896 -0.4414169889382106 0.6391897445609761 -0.16172869476871254 -0.8970113385748587 0.024214971608181868
-0.6869370434293814 0.8092024043810905 -0.2574461768463138 0.9445975105043436 -0.13052487389638995 -0.6743702184150449
-0.6239228771029017 -1.1228891733203508 1.7140117643057324 0.9832305346129373 0.5827058226413281 -0.3166097983175302
0.09962476537268142 1.154529325949916 0.48812373738229753 0.8113313121468103 0.40536484153001384 -0.21759111189786573
0.5957892782026568 -0.13347370840126027 1.402575098982075 1.7777321574270748 0.047204159264418996 -0.5018466353015444
1.5359534667120593 1.7796230973504525 1.0568215375787133 0.3805663426240406 -0.6369856445004223 -1.5243251683191006
-0.22935451702579515 -0.723882762547386 0.906716753818331 0.46044899177350557 -0.6035401158878346 -0.8657545294448483
-0.4567579503870822 -0.8307081965987302 -1.8944506824502212 -0.7978886223124789 -0.5091928495143679 -0.7143898390396993
-0.5010433552611211 1.2388671157424287 0.025676904722801708 -0.4765869326279403 -0.27954447264238097 -0.5759509283731945
-2.0066162601332675 -1.3061594847151925 0.060437639156344265 0.8753495881460123 0.21991884006057283 0.7123103988223408
0.6604826870149894 0.5940494499069233 0.020032631388326724 1.2547553946388856 0.19921098138578477 0.9702043107039677
-0.9244092617899818 -0.39476009376869114 -0.5037261633571463 -1.010575354720444 0.24721355565169745 -0.8171199356566314
0.30000855141463734 0.8864721580028065 -0.2573740980635631 -0.8738033907830793 0.4089071345343958 0.26774570926548663
0.03860585602431151 -0.9149027112363779 -1.0600031429958874 0.10652342927234026 -1.863087832486486 -2.0754805320963055
-0.6136473947141221 -0.23647473501423796 1.4587326442914923 1.0570775457155284 -0.9868706813581096 -0.8854970948704612
1.91931132356489 2.916028046322918 -1.2479782164575166 -0.6152684254318328 -0.43553824518276407 -0.4088537496670509
-1.1030024123865456 -0.8009676646900193 -0.34163576159705583 0.14401301931660865 0.4597346577595353 -0.15040049723519766
0.03701570550229909 1.1050302545050108 -0.5237450820926236 0.033917697885516296 -0.10561748881277812 -0.15199994364381852
0.890208055798021 1.746657695329771 -1.7141612740050498 -0.23927924255517397 -0.17606007683917638 0.44503555986821636
1.9179950775257566 0.9289957745427442 0.425472796447331 -0.1872279618768552 -1.8095148730832367 -2.429115066583596
-0.2803239613579808 -0.12385353099123038 1.2033285865513914 1.5661607524254837 -1.34105768291402 -0.7106383734840396
-1.8400248205779812 -1.280890151035678 -1.2221735378444247 -1.5023694045648726 -0.055229147142992534 0.05779831986762541
1.0676457453534522 1.4013339934814262 1.3213188696853324 2.357970795738484 1.8186003849622565 2.9639181891508297
-1.2847103061699028 0.04468842455842237 0.7179862942244912 1.6235417650935013 0.33277077688924983 1.2418180094939317
-1.8129702817752547 -0.8244247607800945 -1.607401980823517 -1.2676669253673056 0.24765099888602907 -0.20392676423837647
0.9841619248393702 1.2786821183601145 1.3238820344709308 1.262984759037206 0.14849237010675106 0.035396071774977264
-1.514340689280457 0.16042786662420205 0.0773890861723491 -0.17683536403277347 0.05240740470482432 -0.8955463236733243
-0.5398328836427972 0.45557038294074825 0.9380914943520747 1.0390747910301081 0.8765032172891976 -0.57078827126287
0.5207446082856245 -0.14941814465297476 0.045396527353337546 0.07671002581279115 -1.6130527598361792 -1.6733165806501122
-0.731036689769221 -1.535347836009577 -0.37207322498643397 -0.26187427518466905 1.2460667212594587 1.2121295896336841
1.2738260852930985 1.4410473241656891 -0.9834458399445465 0.24408030911601597 -0.19496308052307101 -0.676416128861583
1.7612501848460418 0.480412358488978 -0.26499451003253555 -0.6905500734022056 -0.5242983734113832 -0.5714989579821373
1.0913000134431072 1.2080668604436882 -0.2567865002114958 -1.3559631513803512 1.3494545919039642 0.6102332731838331
0.14630924975350415 0.10933557842591327 -1.6971089000264041 -1.9539955376163873 -0.6187131188806242 -0.28644765041181725
-0.5586172094748082 -0.25587405747225966 -0.15351045917921813 0.18248127796271083 0.04511323263260769 1.1710566998835636
-0.6433665904559844 -0.10392500090803991 0.4909495126439955 0.19459292075792484 1.479302114763206 1.8454977745919594
1.121973681528616 0.11936214579737181 0.5436693793062352 0.5196921338415319 -0.9590991943906781 -1.6377611741687284
0.46280180013486494 -0.007595311511421288 -1.222687440226352 0.8406970540036574 1.4279651415688401 1.0311695156219494
-0.22763852786289834 -0.6845415992016651 -0.4613472990940039 0.34664302766269295 1.254888214675788 1.1354355950029889
0.7923920035819788 0.48759806027078706 -0.8145230664569623 -0.8983912463514041 1.206789972047734 1.610705868727372
-0.06001085607647548 0.345071693550932 2.4055004176465675 1.5273112931040045 -0.4596317399522589 -0.01593563787766622
-1.4373570820318595 -2.540522780694743 0.5793335590529017 1.0195744829386952 0.497108924714902 0.811561332091749
0.1355601363317433 0.9138148042336534 1.0951908679822515 0.9289382096993811 -0.6678964564936588 -0.43129079509277185
-0.42975340700208364 -1.052661784361008 0.4204097802900297 1.3144778831703574 0.677388184172979 -0.5081862858843686
-1.2883669854802136 -0.767351549378251 0.8482319524545198 0.9509811065851397 -0.43115059489052115 -0.34409269459635894
0.8818232507154108 0.9657208376007725 0.9585638674195301 -0.1177478610254965 -1.146332619354018 -1.4170759626895224
1.1030781196465078 0.6269915734216335 -0.8479180961081051 -0.5861628781013004 -0.8895038687649893 -0.36563677114322696
0.639869617327962 0.7569444015915219 -0.13622239617912232 -0.2856775161312082 0.35772342950882247 0.6126167197883498
0.8577587223214591 0.4820964136168471 -0.24012253979108336 -0.8083481285523627 -0.044288785918994364 -0.03572146187255889
1.5898715502195473 1.1271266580917612 1.2498196532963695 1.2030570676233332 -0.3801176287617418 -0.5305547496391633
-1.3263942584501733 -1.4038958294559556 1.0533745771471712 1.1928517892473194 1.1531299037644789 2.9085125224464012
-0.31128269899788197 -0.24205323783949578 -0.1417299284157787 -0.5963311302190695 0.2813527028450456 -0.5688524771682893
0.31364423567562466 -0.5525693891743634 -0.7282018789692138 -0.21336026315790602 1.3079112192751439 0.5648673871661369
-0.5983286828370115 -1.2046111256869305 0.5117312963329362 0.7826402407637976 1.5795966388292795 0.39327432388391725
-0.13086688313959172 0.7313089835490701 0.7342448729413278 1.352127420596287 -0.7089578609926758 -0.5541436902440441
-0.03485420219496555 -0.18773864805384408 -0.3270479090424445 -0.31447629791917425 1.8096562116289228 0.7607610920971516
-2.0208208798262985 -1.8900718666858403 1.7015382425338028 0.49497228169362306 -1.446164185373437 -0.9946426144383009
-0.7205121672594412 -0.5530643620859225 -0.3859144630270223 -0.32996321514048965 1.3164538185053984 1.3337167387769446
-2.226653016654661 -2.6638452756606377 1.1545278088439002 1.93363041861364 -0.5184030088094007 -1.0801121189620975
0.8370565260463124 0.6748235099093979 -1.002966904054219 -0.16246588843364007 0.14224791264013548 0.03504442192698792
-0.49880584404030687 -0.6262855052306264 0.4583207787380313 0.43351013326701104 1.087755032681626 0.4791987475786702
-0.11675934388648533 -0.7943059852095667 -0.10733240329613877 0.31408606935983285 -0.7188811287466661 0.10176427206868466
0.17274796115373595 -0.05858471370671417 1.1350151617004223 1.778159709985243 0.8182133366364586 0.3143883712001401
0.46883693609996796 1.328770670529165 -0.2864625183999494 0.06547168994778807 0.5695489293114133 -0.5168132671429705
-0.8599188322739313 -1.1521172419240426 -1.8881861160781648 -2.3640828740346143 0.4278490185329677 0.2394716740532991
1.1325408400953207 1.4455626910608188 1.3217299991507114 1.3443134560145653 -2.1891341770416695 -1.7380648363677649
0.33605928377368494 1.0334469308521606 0.39396893240425024 0.5754460258509153 -0.23758780552796738 -0.45745228598358534
0.022414782031643685 0.14681976683407943 -0.21658124019903438 -0.9386377308639965 0.2954339435137432 -0.06982309783189927
-0.060971659252002076 0.31314034500367127 0.05141015150714877 -0.5856012319436452 -0.18911483371022916 -0.9301273921705953
-0.7132455263516317 -1.3650863031102807 -0.5592304843631921 0.6596293378951096 -0.14778787816190336 0.7644346830579172
-0.8974656717474043 -0.2920527570993887 1.5248566695848147 0.354406893043431 0.47328241663438203 1.1633704493499608
0.7622776786361481 0.5873144264355127 0.7901552326833494 1.2425401088369616 0.8367630512080604 0.5769772180930655
-1.1458359272476342 -0.7448153037970426 -0.987336067847847 -0.03474789002122314 -0.12844375610768674 0.7103109176487483
-1.350204673452761 -0.8034918837007161 0.286337188276207 0.06429734367271114 0.06860558922385103 0.1565384247686441
0.8539303094469507 0.653960435235851 0.560229556442913 0.9041138949927998 0.25615678005525866 -0.5290530036851131
-0.6542202566425277 -0.5453392828120691 1.8914925289936328 1.4933216439721881 -0.2879017728645633 0.1512588632606581
-2.372783956948832 -2.1276340868229573 0.808263017628292 0.7380061047019015 0.31202492017214195 0.914745693104596
-0.3067375232414229 0.22213828401455415 -1.6174963888815794 -2.2757274949357615 -0.7721107070861919 -1.6651026325679354
-0.2343017011056623 0.14264966724157754 -0.3434415808450717 1.8503726710612203 0.3611185892102956 -0.37355967004489865
0.397125460763346 1.053985204973146 0.9833052863103101 1.462187044029014 0.8302807928898293 0.15977986351987705
-0.6597309153742419 -0.8265433515891656 2.493978397614935 1.3814949364109026 -0.8709683571388176 -0.23736383064625677
-0.23234669799932758 0.3371284641246882 -0.652021159032203 -0.44540305563154214 1.3765884245533737 1.3399908518172714
-0.22375660621291657 0.574755446419057 -1.4719963904233901 -0.9572164526033458 0.9670528967082979 1.5909783355401153
0.722784609377767 -1.1884326366313585 0.46454192231641217 1.6326254973754613 1.5995896802614682 0.8021317757709054
0.7949743431663493 0.7121488894587915 -1.0413773988536867 -1.1462102644595054 -0.2370182906141063 0.08576224771760632
1.4045929446484768 1.7884690159781509 -0.37782944734485974 -0.36709467731552525 -0.9509403369833962 -1.48593686112728
-0.5559745554968502 0.027355690456495663 -1.5677823014568195 -1.3273890010144733 -0.01221740996051934 0.5156809181191726
-0.1527600758209744 -0.4729778410247888 -0.2183660904078859 -0.18954646047463294 0.18764584854904898 -0.3210358437814943
1.1533911452544092 0.18780482637296658 1.0089735159944087 0.8546875625696158 1.682756127978618 2.134097549857665
-1.1256279648442253 -1.6548222899758824 0.11380749728406006 0.6179444071577718 0.7575025104945978 -0.11832278573278143
-1.1694235486425726 -0.8260647885585404 -1.7528427552041612 -0.738865957937866 -0.6586485575012848 -0.3074022650632733
-1.1457293820397294 -0.12441366951225241 -0.7038686714033685 0.32965709006606725 1.0893158280819013 -0.12447766567179908
-0.8996193261883995 -0.35724054262044463 1.2442817622381912 1.7954446148741947 1.0648172918308305 0.8610157292746842
1.5724057060134535 0.8371272595533744 1.6727598847275902 2.1517951531543313 1.6116762932686555 2.2747926406070933
-0.08673175825361368 0.1305856001283255 0.7324832672216774 0.341823501700103 -1.2711307164126364 -0.9419103992500152
-0.5664256381424575 -0.9392964557118839 -0.1914815829231328 0.2567091041694534 -0.9833111762597792 -1.3854687689567848
-0.4729870877907122 -0.47367357083816775 0.12244176799724515 0.9929058238696576 0.4906831831794669 0.9478327642360088
-0.20320144933392453 -0.12341321853825316 0.22351765912993823 0.48359985327038707 -1.4738356353502662 -0.44123958464971436
-0.2708975461087145 -0.41520220717494943 0.6544775377965169 0.6993349216164407 0.28673103960004537 0.5736839399008935
1.4976967937655359 1.5553000683678337 -1.2085894048686008 -0.4294559652820721 -0.4617277979476823 -0.41767397575056275
-0.3306448722214369 -0.5607400674295373 0.7645793568976186 0.13977715574554767 1.3215447636414275 0.9989457758749997
0.041473077625530534 0.10768349700617597 -1.7838812932036046 -2.141394579197791 -1.5042486410324964 -0.9931044352656851
-0.01693078009107951 1.6346194150023818 -1.711339640035769 -1.7896583206253642 0.9282828065402022 0.3581155281473329
-2.4204578280564943 -1.5686010273337914 0.460844679877363 0.5629814718721027 -0.643189085349739 -1.6213192143710766
0.309723238645388 1.2860553821914014 -0.22343487436531748 -0.009157154193507044 0.3875782328244434 0.8432764302338789
0.6680861874719684 -0.5855787870457303 -0.3136151933552935 -0.620111577265845 -0.9063707137806 -1.3677378525511277
-0.870504730097843 -1.1220318675055378 -0.05865080709257696 0.1354619007926462 -0.88937370583283 -0.8892322819138869
-0.3018810248561123 -0.5626136922080427 -1.1292111934021571 -0.2999687171942964 -1.2068704613613659 0.31730416438863396
-0.6536768693427712 -1.1108917149941988 0.6991371008890431 1.8158185786357603 -1.9270142112421889 -2.4765035249011067
1.2556307596655432 0.19347812582869262 -1.3929473137006336 -0.7315381253313302 -0.6201538256433679 -0.5328578201148381
1.0679775509346048 0.3151115485302307 -0.09171366906413644 -0.43472668035699036 -0.17930808774635976 -0.6826039420545026
0.3157680633294456 -0.4781968453805616 -0.4617260486987796 -0.433799558249496 0.390575233743828 -0.30553468210556584
-0.49948926283173356 -0.5325334968646482 0.2215006565115055 -0.5012382925477055 -0.14234236239295392 -0.27017244063763357
-0.7714780087402362 -0.47091678900983514 -1.516860590417104 -1.3942270619771608 0.5776061122339009 -0.9916336240196251
0.2400759301149981 -0.1210836242281701 0.3391507551069145 0.4513221147834835 0.8011411223042164 0.38710974125588404
0.6204957227304831 0.48758746805567926 -1.5106814184805097 -0.2008056110918267 -0.8738417053962563 -0.6642200161645526
-0.007671925075663261 0.23663406606730136 -1.9259867680069591 -1.5014710137881992 0.18455115237648104 -0.13055569927643917
2.2008867117132915 2.319878600777558 1.0584865293015167 -0.09350463170631118 -0.40246352384794865 -1.319378629607244
0.3978090240983072 0.4941881529898222 0.16341551383538902 0.01938967153922072 -0.7733272045992532 -0.5572514471095831
-1.422108913049955 -1.9773946144147243 -0.9565045941732663 -1.7606669145856297 -0.5887350489410696 1.099960512273671
-1.9174610485218568 -0.3198502061610533 1.0161031304714503 0.9135198738747043 0.3365706576530559 -0.2263691062038759
-0.9507279677073938 -0.08089605018835577 -0.945256017888861 -1.5293961110129608 2.0650982890329126 1.5692045210043775
0.6434691618887405 1.5578131601088605 0.5650265265864379 0.5650363849297392 0.14578481059317092 -0.3437787740478594
0.41522317863248154 -0.5143071613323442 1.1646333645981963 0.6914134826476579 -0.5124362406123476 -1.7084773561234627
-0.20301954270705444 0.07636545282501159 -1.092716915473478 -1.5179722186069242 -0.6854042938076111 -0.24083567262491773
-0.1997123280650643 -0.12983507768742442 -0.487575690774488 -0.7583338449496573 -0.49429886334631756 -0.3473782062028249
0.49018866462971805 0.7189979719306049 0.7609247976321455 0.18401885469929818 -1.0702759719540935 -1.2602770118694053
-0.33881015106190276 -0.3127889803629286 -0.5171580881309006 -0.5111056079315084 -2.5379128625149034 -3.048799670509406
1.35484030249149 2.1590075228460863 -0.6582114825092066 -1.0969743083938797 0.23969409143821913 0.10475826838092246
0.29567163970612187 0.37632857430294075 -0.26006281438666573 -0.6115760791561382 -0.2561880843300443 0.29857008906785776
-2.795004989195205 -2.3381036006983664 0.021689223196921844 0.4829099077925351 0.9037892153979962 0.47147065384374776
-0.6547302511476605 -0.13292298572475697 -0.9042032786955434 -1.3673357538296314 -1.2451602719890824 -2.128385426973657
0.9194838977674524 0.292235710552323 -0.4752696101051078 0.133900050198078 -0.5227083712860082 -0.7015423866603403
-1.4895563242029686 -1.6963016330964225 2.0167869181851477 1.9078021761858688 -0.4897082036689952 -1.02154061879139
-0.25899519140783184 -0.21373544921625431 0.12119866733044288 1.0887304169744225 1.3173064496506774 0.5614436856582348
-2.5401892346850947 -2.9404033581625733 -0.3317275755642589 0.256426227545532 0.36683774980200695 -0.40690519168955025
-0.6074053337787503 -0.5293160986405099 -0.00291615782203743 -1.2316170978079002 0.2994956245417499 -0.1413022526324147
-0.8486807634569631 -0.941145873799708 0.8157504786282156 0.8157687701766513 2.4696047880661975 1.3338728427323905
0.4855698253822208 -1.0335506101552572 -0.4775113834537642 0.7513972555953172 0.5007010795958363 0.11359941372876908
-0.01693948509390138 -0.3537322668413861 -0.36730913323261066 -1.3200626264948956 -1.352112225826712 -0.5696602708002765
-1.1790372273822787 -1.3516302436240704 -0.7913074442538447 -0.5408647818497623 0.5338651653665508 0.5275138774317893
0.07095464915465816 -0.957068106370353 -0.05624232093238871 0.08389000419136325 -0.020551817120785385 0.05498923059134253
-0.7376640939563167 -0.8592800108933896 1.4693373391395268 1.4513991301377611 0.1424689625477095 0.7609436512087782
0.022979865914536376 -0.2053919206497636 -1.2768644572612238 -0.3849291672351416 -0.8116806541021945 -0.9377334124480096
1.0086334409556175 1.1136413003312067 -0.05931354332539657 -0.10327817022516998 0.24012766005720207 0.25584631523698864
1.5945981682617079 0.3082087462525088 -0.1964818177005323 -1.7494839924831609 2.4209571738217623 1.9967214580613486
-0.028149944042864857 0.16206192509050668 0.4492635999500973 0.6593882415095753 0.39544847105355735 0.20196055595463397
0.4755582558759461 -0.36428389985810566 1.5141329099558287 1.0275737092403967 0.2557040558699264 0.6664571135882305
0.8313673343108934 -0.3967661994791353 -0.26406048970485013 0.4515192830890858 0.39458418817463853 0.8250995430579542
0.11636966725534074 0.3846666330022702 0.36136780487746084 -0.3411923180367279 -1.1425948880707353 0.7746395264767578
1.0092555711729927 0.6001885137233938 -1.3289736983299514 -1.165665986421066 1.4511402184794056 1.3631230619762948
-2.272052872383621 -0.20077373796960374 -2.386294093085541 -1.6209484452511569 -0.1610917955766405 -0.8095561833876194
0.6761069483338419 1.1520854618719767 -0.6883875223178875 0.2986770037950832 0.07278501778264938 -1.0481421377421918
1.234503282127466 1.4829465420804433 0.24722953870303283 -0.4039215880977142 -0.2513187041903405 0.5780924794830464
0.30632783533813757 0.2088828640110516 0.8604586677958663 0.8314926222715858 0.33838344603007425 0.36127601292555833
-0.7418141666487671 0.38855675125561095 1.6578600451868672 2.095654856988287 -0.22950647621693826 -1.1551686300416009
1.1426326865732568 0.22487004570197 0.253017733286137 0.3140096716718161 0.7445494198606085 0.4747116313433015
-0.09550248444467266 1.1401477238769084 1.194916043433969 1.5272856243615345 0.48741479506841046 1.4183881851139628
2.127852540166833 1.4676039377946861 0.46234005313116955 -0.08051168620814853 0.4392470631172411 0.1321736723402364
-2.1269129700131746 -2.309245506425676 0.031059402713891897 0.3025872141312064 -2.1673851390373526 -1.533943559458717
1.0965229882779948 0.7251517691857371 -0.4690000649661269 -0.21576184504440013 0.6165063346510373 2.2977241725818116
-1.0211819756594736 -0.45817041639776157 -0.4696682216741929 0.18655678628499328 -1.185320990595096 -0.5626046449466944
1.2159694613546177 0.9860638927857188 -0.027313676721085846 0.6212241461545119 -1.734784202947528 -0.026102349030432626
0.26825921267718944 0.7778349091032308 0.8098205914378253 0.4750372549261943 0.4250955629213704 -0.4000952077143907
0.28727076081550085 0.23160983622515482 0.43898764380875105 0.8158598997240969 -1.5297025880867547 -2.019738205804007
0.9958168883942898 0.5931878998131024 -1.4063440570751664 -2.155714199374562 -0.6512131449658137 -1.630428526637651
1.045292564472844 0.8760990204189603 -2.202152602342955 -1.1128145650205787 -0.32370525797574623 -0.22609354683527882
0.30152938188079925 -0.8266619806614314 -0.6868029337426558 -0.008376379590910532 0.026807241770934565 -0.7288572652320126
0.9509497814184161 0.40287846496657226 -0.5359319209297189 0.6284795915914292 -0.15601109585128606 -0.3267411579094417
1.288679422135086 0.38726517447022757 0.4791115769782024 -0.45662340697375153 -2.1413693109641594 -0.7111260500796535
1.3656022927769116 0.42367810873443035 0.46187530940451843 0.7506682911012781 -1.6143610074893995 -1.5519222310120568
-0.6431101601298437 -1.628318080131248 -0.49546080514267365 0.025284984516809494 -0.04692854537958919 -1.327194275694796
-0.27286347397169086 -0.15467900432982828 -1.2949950390538139 -1.1321127121466261 -0.6779399711344771 -0.1143091482787501
0.7622924198399004 0.30613198747481246 2.1246006733609377 2.7718879121933044 -0.587551501203877 -0.5184175007805846
-0.8135173856140179 -0.5210690242437311 -0.9572869095362809 -1.002812768545472 -1.4975588093163776 -0.7230638365931434
0.44261190174631015 1.5383389397909062 -1.0429467862127644 -0.6056211806637051 -0.13224248715535464 0.19078842957716108
0.9501223258328018 0.7677904990017939 1.2603320939480347 0.7567845651234699 0.9014654645197336 0.8809878076362154
-0.2467776925665688 -0.5268450153201074 1.2058224279241898 1.3256329403999183 0.17214053974728405 0.5840699903947343
-0.02531678971253265 0.23052878473853894 0.6699159875751463 0.6208000983674293 -0.5714759584969363 0.18696751275914747
-1.0537060885464409 -0.6216650593136994 0.8097835490587967 1.166027224901918 -2.8924514536906574 -2.3596494620435924
0.7010731342446331 0.06805545544699526 0.06532205716921703 -0.058318036538046014 0.2063455789306971 0.9068374513992051
2.180300213693461 2.2708324856481337 1.305688040653727 0.7287529953700189 0.4107843261945185 0.29885007939859926
0.4612994952449838 0.9452073541981443 0.8366847619908615 0.7682457709985017 -1.4736295144040725 -1.9726294103633712
0.7011259828549032 -0.8075975186159894 -0.6597345915153943 -0.6019990951452563 1.9489566071182556 0.7817272311355681
0.3481883325697585 -0.10780879589623876 -0.5712580117883345 -0.3835718440987839 -0.270163736392654 -1.0063714828547252
-0.37913448638555525 -0.7728895487881675 0.9687438172361156 -0.32104086185260006 -0.3287539528757997 -0.8945229041520673
-0.09304437121935466 -0.8655992063616349 0.7539963652092211 0.2237782508302718 -0.8923420922949338 -0.5390672220357329
-1.4804770428075693 -0.6984795658494598 -0.5574013594521329 -0.17996258879207358 0.326434070207859 0.6794762258883165
-0.12586130406338222 -0.06786998535019176 -0.28770386445656426 -0.1393734462933726 0.7080742683882748 0.4517623855509243
-0.5021851904003475 -0.7291854824928412 -1.295653672359857 -0.7701950210418675 -0.6916894124941608 -0.6530971959867601
-0.5496037162503798 -0.03342472025253174 0.7710952272257616 1.0903779367053308 -0.9392176123338413 -2.0223696643397457
-0.8470204079891582 -0.3353596874933356 -0.657927720602991 0.08908720215871879 -0.025931546508284938 0.0010203497191595863
-0.23232517635845756 -0.20596161539150562 -0.04424084219474017 0.030668883454956317 1.5166286857922937 1.06685135280026
-1.487024475594186 -0.5619727038193049 1.257129949060197 0.6840391693063579 -1.4691732446827206 -0.5653349714255839
-1.6633188160728154 -0.6000120611737975 0.8716221520072116 -0.06341825228654774 -0.11853468775336179 0.451985641938844
-0.20535293959777273 -0.745504109192464 0.6158373510296491 0.7425408860757794 1.4462995749971748 1.3303661970550271
-0.7475075451159218 -1.7228856281266292 -0.006048249468785102 -0.2592237897779159 1.494175250198211 0.663316820317953
0.24165428357809118 1.5887196363346896 0.5577907156089289 0.491510567836218 1.0059745394198851 0.015256282653925202
1.1020568365979455 0.9550473022002612 -2.338584565599025 -1.5166863567815134 -0.7349738880734049 0.2106011167386711
-0.1618492989262194 -0.05300727650547572 1.1703791267522108 0.24537920228214316 -0.3661156874425657 -0.10786741831738156
0.597736160660616 0.3046801418540534 -0.9930583208241303 -0.10536432701558307 0.49552183190954396 0.9520564229882482
2.6817689217571377 1.122361754050235 -0.01756023523738029 1.3075700740935223 -1.0946322702801088 -1.7450375953939299
-0.18199010919891317 -1.0306985241490374 -0.5313556931124156 0.032250913842160556 0.19976520193666036 -0.39514773686747307
-0.7480954378577954 -0.5314394742129143 -0.8291444330080163 -0.5170383428208066 -2.10105510766916 -1.6268887065967474
-2.017014928441052 -0.4703779573645279 0.7049541996790801 0.22940471884337293 1.4491700530631735 1.7002447982339552
0.5172318377653714 0.6483852411083659 1.0578473221348883 0.2260367393064565 -1.5342403753408649 -0.8690391923235941
0.4266876739926054 0.5820617140479454 -0.6436366494057357 -0.7148492880340491 0.40691150602297077 -0.6352680689899837
-0.05886220008797309 -0.831934659882638 -1.522775102666996 -1.5867729416130487 0.7475115215934558 0.2340719825054564
-1.0967587700383263 -0.7367027679548782 0.4310756926567182 -0.4633208326414985 -0.7481908390105931 0.023673824927672116
-1.8047847944577418 -2.2014422806414577 -0.02082127608873202 -0.42507346318747885 1.6170826222064387 0.9488736181149325
-0.7144306786990947 0.23376511865726757 0.5975542734758759 -0.559513479999672 2.081905120868264 1.6415767093240428
-1.131436570993853 -0.7928059107875829 0.7804355505789023 0.08977833940719426 -0.7047349861290113 0.3691356234295401
1.3051630961081466 0.43034441120120026 -0.6023019233350627 0.562220829573675 -1.0986588539285105 -1.2119832872997578
0.42873988896433785 0.10841824701498895 0.2833873373028985 0.5548937861774439 0.10105780641801299 0.33934170737098696
-0.5715841641575304 0.6398214961564563 -0.31377488124677966 -1.7585341487634876 -1.6768326208446482 -1.6276389060925684
1.005575996059286 1.6084692997567522 1.6203901881445706 1.8942567759737825 0.8863608361761035 0.7687393059653902
-1.3057832600611312 -0.29383465178008283 -1.457223874527917 -1.4974351782488977 -0.7796001499799982 0.5510601627698133
2.4892642245338084 0.9095068422529986 -0.18264061755379038 0.05352666263004932 -1.2393307683692953 -0.4966250227445542
-0.597939636987726 -0.8503751278004454 0.44241838373409453 0.8490239384022104 -0.3016527911356781 -1.0809517833044633
0.2033405269614872 0.2058125187263377 -0.11205482039295207 -0.930384640317229 3.231730985337966 3.7707110686282377
1.6848922237968034 0.8803244812848778 -0.7683785456711465 -0.734746448775811 0.44800535696197663 0.7358066610802615
0.2716847828489033 0.0810345720172707 -0.14671386942807757 -0.8037316844349183 0.8443938278679782 2.360206461894622
-0.9146110196172811 -0.0245903263313636 0.1217171910330738 -1.018882471784647 0.8653190816995399 1.6192737866238427
1.133761297858832 0.569517468848634 0.5685387965728779 0.7207535320816194 -0.9609814938248383 -0.22126250558822025
0.6348228373989497 0.5863428688293993 0.9277448059971096 0.2409743830284587 -1.5180946023296324 -1.5705106572278908
-1.2844819479147267 -1.6617889713016414 -1.3065123616901646 -2.14123219784313 0.7665461323499468 0.7721151809914993
-0.35948844532985813 -0.48425176352835764 1.051591058538813 0.2896401746323989 0.29728526187247595 0.11097731885567681
0.5304473876016602 0.45215858261875247 -0.8900522123894324 0.2508993721059164 -1.5760347962362977 -2.0028100264878104
0.7574367675662964 0.4514477210070571 -0.009839063985636862 -0.5313019403494008 -0.37641224471938245 -0.16819334496655888
-0.5829021101914988 -0.8135047099446056 -2.4782980815815367 -1.3353508312759788 0.6153250853237522 0.5474086894537697
0.8531659360144496 0.1980906230627999 -2.5283901976743697 -2.4504221613363995 -0.4478717139121658 -0.8852677831682056
0.14483640816207505 -0.3071564549729367 -0.12102342201532112 -0.0757127648291181 0.884626862044023 -0.4102386689362325
-0.1368589846782086 0.0562337960255789 -0.794916682620167 -1.3783894760671986 1.4697034614404454 2.0527684807272655
1.733927702843229 2.327262023441233 0.7475821351071259 1.1797144699451199 -0.8038862644990881 -1.1831191323766337
-0.5388981312880273 -0.3398896673748515 -0.24374028820167484 -0.9197054399196064 0.25416562426717687 -0.5751505002630036
1.7382406691807843 1.0242527337781802 0.46268944862379735 -0.44879248446267017 0.12929542598474136 -0.7892330437076116
2.083311483259249 1.3983697126609202 0.5272558669187286 -1.315268645426174 -1.140940864383163 -0.5897665863993238
0.5506693340125642 1.1281945839564416 2.0577664977090455 1.4903487586436623 0.3592381739347199 0.1482664090569008
0.2345371882236094 0.37965000944992944 1.2988285001173479 -0.4930558852072118 0.1927493890845404 0.9307858040688178
0.7266506127071176 1.0355199955029262 -0.34392379672237944 1.3611914046338618 -0.9039394681247611 -0.18539973383043917
-0.6441789093183627 -0.29507985357900324 1.0315808084750109 1.4043410191730372 -0.7141429543798453 -1.166646459678073
0.6200342600721603 0.26883425400184346 0.022910745455092658 1.0276810529431184 -0.08766464638499862 0.5964839444876221
-1.708098934290434 -0.38402186183407283 0.7727124085619612 -0.6690343055955321 -0.8097313020719986 -1.5599779100909288
1.5083921123282327 2.050649176326324 0.7610011689937544 1.1291167232236212 -0.8695460877489187 -0.17347839676226917
-1.0156543299433145 -0.4826941320638997 0.3625582922549987 -0.5528872459821912 0.7407138604905227 1.4561301973487542
-0.4940286812427215 0.5287591085942589 -0.04058755085116853 -0.10782271370719258 -0.05792974106300636 -0.30028832690710233
1.0282881186495212 -0.08897451327359074 0.11792222706404194 0.18183198492357622 -0.7192462021219964 -0.8099937519394944
0.5094667740502813 0.7749748267995767 0.29588627873714896 0.13259691366806256 0.5049460915145253 1.8571377689096935
1.0508611316901635 0.3877837726127498 0.21125522186165221 -0.6507412229699279 1.8218305660124463 0.7722902679418173
2.0071426567600024 0.9530445249608599 -0.10782400914261017 -0.12940241915726597 -0.10646095017584953 0.9146836821843487
0.5944118407220814 0.19389572476560468 -1.753021166179812 -1.074446551903766 0.48176191521711537 -0.5792988342000762
-0.9979919645885661 -0.5545030550009268 -0.30352146654907586 0.9514088072483299 1.6669518694502898 0.6530507755906867
0.17298727582185716 -0.2725548347291099 -0.821097264273432 -2.123810271445213 -0.2338887639765874 0.2854139553722269
1.6293100004245458 1.198337301803903 0.21187059820989212 0.39459547764820513 1.8933689611098936 1.5961386997400062
-0.26407370324116985 -0.8253430129566063 -1.5235917766763192 -0.07966127783875154 0.4966647751642489 0.0897654210758218
0.8660770336578579 1.2939906390584257 -0.28408787357244336 -0.11277206386651178 -1.1494396529443374 -0.05767416119255042
-0.23955339580742702 1.0716015483373325 1.0326298765047297 0.6158293744206265 -1.0896366244813183 0.4449461717554729
-0.9387515760829194 0.4070517951573911 -0.25181873657393916 0.41588614837772653 -0.073914912094486 0.8519343523412249
0.7362676915586064 -0.5027613487688116 0.2830280995050178 -0.47871301350870704 0.6388172696306168 0.8067783196838909
-0.25132497099532913 -0.12242727347765396 -1.2917511190737216 -0.736303829754613 -0.18811917430151373 -0.4880458084897195
-0.13765998598951248 -0.7410679697101605 0.5350233694133703 -0.45989816430124486 0.06746729934653892 0.3036483239802403
-0.3851139613261659 -0.3739865858520733 1.6445953501634691 0.7562100159244045 -1.3985137763254598 0.1961790190536683
0.04711692909270971 1.3822850402033722 0.9930653592971905 -0.14984529079722841 0.849217631206839 0.5489603152521375
-0.1821692754744214 0.46508914099703 -1.8591223583103507 -2.337536278343644 0.1543276730500839 0.30972464009520373
0.1750885403028871 -0.39645107028658017 -1.2097749076057815 -1.0300380017336845 1.574543209559082 0.4078782290364451
-0.0514947884374814 0.3348227059877552 0.3879065035236887 0.8809208259613092 0.595917623530915 0.03263878785022273
0.7846504619369699 -0.28208325600998996 -1.811064947660887 -1.4346878237148604 -0.801805401356718 -0.9671183559242863
-1.487187800943127 -0.3063242393256934 0.4950357654895501 0.319692001950161 -0.5471598292576997 -0.7350951227307001
-1.6921437720366572 -0.7359207476224434 -0.25064316747303683 0.4016993216602458 0.014794986203254612 1.2092738465173818
0.3951087905739679 1.0070017892753853 0.8131407088123371 1.1555521613333104 -0.29543554945730377 0.6846027230852465
0.08737900636657543 1.0669222218801848 -0.037082542595867525 -1.2024651650520746 1.1783514114335631 0.2621395396548538
0.8194830395107398 0.18909158420695688 1.9413758045026164 3.384574767371066 0.962960488071606 1.905903507787325
1.2778782180282693 1.6716913688731498 0.36288023416167825 -0.797436337883307 0.597075231022198 0.06984765534066467
2.7353540288646587 2.9308577733068857 0.9821414807766838 1.688966549523291 -1.5786010649001505 -0.7014104200705019
-0.44350873381721984 0.492048806442336 -1.4362828421412217 -2.0009703350451575 0.9379214617878023 1.7558789937132746
0.6448830362999382 0.6905777164768727 -1.2733477092915324 -0.6599868378555658 0.6436181603883446 0.7872355451382351
-0.47027783325903816 -0.44816476322922105 0.10224348658775664 0.13910563707127985 1.227514832217746 1.297877043466947
-0.11159679804982256 0.6191639329495053 -1.9583279783679064 -1.0992676614079158 -0.18411494064815484 0.930269451326759
-1.7338759970233293 -0.591356188449021 0.48689455783714286 0.024580698050974292 0.41438948968873196 0.6505303343034987
0.4458920943955477 -0.6090651171131204 -1.627836301186126 -1.686333615893761 1.8020604344823372 1.0872420083085579
-0.5952476902102523 -0.513493686551512 1.294778012728278 1.6406022208508353 -1.1236001155622346 -0.553455114861087
0.0006536796751265818 -1.417068885285809 2.525497983838287 1.0198878008858057 0.7983951948358623 1.3564474613951818
0.19772101214856214 -0.1927571201184728 -0.07511235663822838 -0.3647291937726077 -0.1643499921662756 0.5689553115584169
0.45319540893269805 -0.19312894546701453 0.09033031903859184 0.174424428616928 1.8421041782333545 1.8046612626384788
-1.3556196314494222 -2.466792817796836 -0.4517897010735395 -0.21950431293509348 -1.3172942365440659 -1.0387762113873082
-0.5059418215482495 0.22127570020151344 0.013073351255195625 -0.2193141350252437 -0.40422871044114017 -0.5767804290704668
1.517874116117764 1.492059621428667 -0.12394803780104931 -0.27143985419952094 0.3481925346663172 -0.11991727467636037
-1.1435409348229568 -0.4933133458773358 0.1049961326806309 0.6501585356957341 -0.3689645319145264 -0.6098002460990949
0.9687499520650147 0.2852840663451632 0.34946155153242686 0.6393349739356295 -0.6966119156082606 -0.4538809890794454
-2.6015954926958686 -2.434153050298483 0.24549824045433452 0.8030022929031714 0.26261129791212723 -0.624363015334532
1.1653145769525306 1.1926298920467095 -1.4840655752029155 -1.1991500799173682 1.0592830999693659 1.3515533591108815
-0.7860845134252948 0.19966759980932192 -0.5725880714559142 0.6317143260079076 0.3006996051790786 0.8368245683168369
0.4793957582807804 -0.19983088439957436 -0.4400090977487009 -0.13146158994782176 -0.57218502218151 -0.3554004791815047
0.8705772796421462 1.7008463273585719 0.027581603878148273 -0.40265051542657665 1.5570645210642486 0.6574556877819167
-0.6282990872349824 -1.6876018752136 -1.5695149742462295 -0.560298036036114 -0.8013645347984941 -0.7925889791268216
0.120665827143383 -0.08697389179273946 0.0747275098164587 0.5612751892120293 0.06575796254152465 -0.34649358741705877
0.6626024481449029 1.3395552216534898 0.6755213613676896 0.8184408266442695 -0.014943232104263179 -0.10035893591279911
0.7411677775474049 -0.15996102398159628 0.0551110320011449 -0.846368806975941 0.5358883046112485 1.0488421658967462
1.2832696139157846 2.1103851163264986 0.6314627791070557 0.27470444724147863 -0.40800557927132897 -0.7786980954764054
-0.9919254513684062 0.5497108085274047 0.531849218785748 0.4304072606787782 -0.42004001470224744 -1.1232070392065792
-1.32391453500693 -0.35856141423581855 -0.46005793676281864 0.02847101541751257 0.23551540181422048 -0.025485595378102077
-1.0242812789272167 0.10893231947262072 1.1929195017968743 -0.32541742338090374 1.5728245737226052 1.000298122999245
-0.043072755961261276 0.4038569142702055 -0.6433709726989706 -0.9121353445750684 0.022727660406940832 0.14413374159185433
0.11106549849002251 0.38113818627716567 -2.9036149229753248 -2.965505068464207 0.2217175338468904 -0.1638801883611058
0.6731839954309017 0.013896984465240847 1.2297830114204498 1.4738164976579395 1.8408876836942534 0.09654958156271909