-0.15762489639497312 0.006211757417815045 0.08396641782637816 0.32116336446018584 0.10885522927847763 0.9736421994330569
0.9874080836061538 0.2470459154743942 1.2596655371513654 1.6757221467295327 -2.6386513302312746 -2.333447448296918
-2.304834100914869 -1.710640586463964 -0.059507184642163556 0.6311857672569774 1.1903600237773841 0.6646906646030916
1.4415284402176058 1.274497341595516 -0.12929929110679828 -0.6020696751622083 1.217881792521257 0.08115962695264345
-0.6728133556642402 -0.39273244234624755 -0.5131956071430095 -0.9701254495845681 0.470297371318063 1.5689474286279932
-0.5723852149084059 -1.1190544311252544 -0.8168620338789477 -1.4809564616147035 0.45628952748089646 0.6535735237792113
-0.02430368770570257 -0.21193869229148493 -1.394590285179625 -1.4594214913081838 -0.9755103612866625 -0.5045543276534278
0.07204651631156261 0.9656982239907402 1.168187692019941 0.5681366314905704 0.16839784588891785 -0.44703658852975303
-1.4929873831578997 -1.0661964945810023 0.14705498561386401 0.8655094635323763 -0.7019045057147213 -1.3094360396698224
1.0057379272901792 0.5982074065689994 -0.3440762223189014 0.27583701859996507 -0.21260498095150418 -0.7370202441109868
1.2366396448311032 1.3173916964854384 0.47195962077548015 -0.4498746301875493 0.2421577352953572 1.2954137551270697
-0.7950922247145157 -0.47604740864207984 -1.0883202457844172 -0.31624135914828694 0.42615303886760136 1.1449580724280777
-1.0388940027920046 -1.35877433922683 -1.9879011536007032 0.03691893075942154 -0.1723401404914136 -0.8248240121557991
0.3076886116242065 1.199969166541612 1.0220602033337363 -0.38363353050459237 -0.1956914795367887 -0.4175440930116267
-0.7750129903943868 -0.4715240881308586 0.7828591626728474 0.5980808785557764 0.6662132415270741 -0.23296492564222432
-0.9594966521418978 0.06624875053434087 0.9117790492430797 -0.1374060006488359 -0.3589618176774912 -0.1943533184798623
1.6882422616751003 1.3587500238387054 0.9350117462774904 0.14511921371974001 -1.2918895419813226 -1.2122436295626047
-0.5461437571557008 0.7873602294218749 -0.19848591190068862 -0.6845782173569992 -0.8816817164251942 -2.080308703230494
0.03392189033094167 -0.5172781911313795 1.116002193397712 0.8028577970832105 -1.0695518409852123 -0.48945099177212725
0.3340888250190404 0.7182707406981024 -0.9919876305661954 -1.9540337024271905 0.07442577163220872 0.22199990923475138
1.5751242736079152 0.41286914520623075 1.0025253223009998 0.49661814168718177 -0.8451228730247204 -0.6995730832516602
0.14404822713635468 0.44466292597027357 0.7549325028415574 -0.19195461829202898 0.1175072453624797 -1.066877667525299
1.8742137861867532 0.5985343980019465 -1.6113243070563186 -2.303789637982933 0.9174509834131072 1.1717530080734684
0.985797479136093 -0.11102830122841001 1.0268760937546146 0.31728856737343863 -0.4562419094926882 0.6347871091068946
0.21237408212983006 -0.5122852042356574 -1.215997742708832 -1.2484272807191885 0.03439440969777964 -0.715530573550697
-1.0891186208142005 -1.0170531652940462 1.2752492272667368 1.3363778949694438 1.4480952813167278 0.005550350572558704
0.21110706100867904 -1.6657553659463469 0.03146768526589277 -0.4054230045278729 0.4382355814713001 -0.4006012489596675
-1.346291345634837 -1.2670784449326078 -0.6508823532365927 0.07747445205383596 -0.1940237696226763 -0.22306897310910273
1.5052256155964863 2.31940163291807 0.9182059417513033 0.15375119154490968 -1.5193052574425203 -1.1841164980509016
-0.14830321022324025 -0.7311792769803388 1.0395648825803872 1.2365953361074502 -0.06909144736094995 -0.9067989452723231
1.600704793257361 1.0458644819651388 0.32211814089889756 -0.9672205330939971 -1.2975317724055746 -1.1571572308525386
0.879129829528139 0.4507128609169122 -0.4400030996821818 -0.23293295991556096 2.158589230855214 2.216824967668999
0.16652757928839607 -1.3812750083409813 -1.8531447264619856 -1.3496591046161563 0.7488342007912577 1.891510449322967
0.7112232202727331 -0.722910029193564 1.4275455606360217 0.7967202053433823 -0.7021455812354916 0.42323860485042686
-0.3813395875389731 0.23666449405966894 0.975243632870725 2.018265561623367 -1.4059065617832889 -0.8084453083067372
1.4424091115859565 0.727828799445728 1.5857264199561263 2.6355582839028013 1.5290038513681934 2.112696261361264
-0.6491159722951844 -1.3329823910021639 -0.6320187330816398 -0.42664192490636277 -0.08841936646378812 0.5439419041039457
0.8597355428826653 1.2100531263982828 0.4190241012617455 -0.46791595031896194 0.4697122466421627 1.313796844462805
0.09382193047871745 -0.24199332335324172 -0.20048024179804244 -0.6779440422690571 0.03850013557499131 -0.44990319882103363
-0.28040220998871535 -0.3140879776541067 0.1490772298820029 -0.43921880035203964 0.06624646975536838 -0.4468367882627087
-0.6251832932871275 -0.30813140180770193 1.2336291465926295 0.057611991037746724 -0.6014409258108669 0.6864312645528612
-1.5089068534607633 -0.9624013121490947 -1.5853919455421857 0.07180422560666888 -1.5108176321141493 -1.8253924555124192
-1.554122623739249 -2.2986719291822553 -2.046974751601079 -1.6501412021053061 0.8164424103271279 0.07051156776939427
-0.21530456286512362 -0.8648417018581751 -1.8734887695905156 -1.9835271173726248 -0.17040672293442485 -0.6417566897000416
-0.38380645097931254 -0.15853064153920013 0.2973968559295497 -0.4507375524734593 -0.489384817841278 -1.8689925755245862
0.9237462172516603 0.3052653022007637 0.2573261400017069 0.5549436639822956 2.0230532037893596 1.6078339321802804
-0.20036149304818823 -0.3692492573716042 0.105930387063688 -1.0648134935242237 -0.32525176292984 -0.8739518466161058
0.45897529449019153 1.3019666724422714 -0.18892952429380389 0.8682994973657727 0.5308342724124138 0.8486814988555103
1.108688034189319 1.2636927100786879 1.2555256506212806 1.4335136167941938 -0.4697337318705057 -1.1687982994189388
0.22809515670401875 0.5716869505185307 0.9522634933836002 0.33552128219676103 1.0215087138824492 -1.0482750263091272
-0.3212000709749286 -1.3229358541624565 -1.100433149716977 -1.2730328760642216 1.3154554069199822 1.108817335582223
-1.5056520591411542 -0.31342192960286375 -1.159146791013522 -0.07345779856746582 0.23929102770189964 -0.00870979981733816
-1.5497924892415424 -1.356176640243298 -1.6810285989725575 -0.14000859696780577 -0.20684541788012167 -0.9927519166269252
2.1999888685175946 0.7304335283095293 -0.07128635865475215 0.2116945924960731 -0.15553853333774215 -1.01015644000595
-0.14584159703979682 0.7260306700608092 1.5267659395916884 0.06743754728416929 0.07556470418313181 -0.12943020330218266
-1.127214335314773 -0.4145804387624734 0.3497543896119185 -0.13138899364145407 -1.3156433934509042 -0.5524973991775115
-1.1118432241000724 -1.3343537415126785 1.0596967653324454 0.9243969114252324 -0.5440873289274382 0.3257062644136443
1.8182008110475953 2.032911230810157 0.18886858376895294 0.44379507565039816 1.5648172168305987 1.7517221008810968
-0.7827653547168 -0.5650569040922354 -0.16349895995872407 -0.14621719983386916 0.6980798101010933 -0.4733285027817209
0.03825739578227034 0.26538843229602477 -1.0418350729906323 -0.40236901548635284 -1.2035053962355982 -0.08389019485162563
-0.6054306568940173 -0.7374669223076156 0.11817899164645393 -0.1986539426590698 0.3058805499414438 -0.0956117920902721
-1.1007703137888496 -0.7008163542185344 0.406630474429535 -0.06180511656013071 -0.4900499001923693 0.4656931731987973
0.40303378838749415 1.3143539114945755 -1.0343391738885779 -1.9384741421548455 1.7612657286260118 1.1803115900343912
-2.324184878816945 -1.5218886076726865 0.3364891679854928 0.12811952032141904 0.5081721530887499 1.1409921911306016
2.2770143630685498 1.3537692008626516 0.665618987663622 1.2389576772326822 1.0294287304240048 0.6160365424244
-1.4649210933834844 -0.9772479105057649 -0.1460908406221987 1.335460924665171 -0.47937347905104294 -0.37585998442279467
-0.09343327599081626 -1.0811501779486816 0.7254737065218438 1.1811134167565314 -0.46790215742962793 0.11924033014658791
-0.8400184658198021 -1.1017036042595474 0.06559683618836634 0.23136943602277785 0.5267973576149695 -0.15851323471476897
-0.4201590911281176 -0.5519353647412734 -1.483423967944172 -1.6017388423066654 0.8931954529757151 1.1291815540561327
0.48864773357825875 1.6973724605114096 -1.0428246601845903 -0.9660225026917859 0.2493596610030265 0.4497675750937062
-0.984344725754552 -0.4727719189932769 0.6506935627697041 -0.6768935172622677 -0.4652177650779782 -0.28794911903708914
-0.1945032483260961 -0.1540581491504237 -0.06835062911427905 -0.9824929205278103 -1.3107511779542493 -1.2987002854767198
-0.6639400517146702 -0.8878505481690642 0.33504503521034856 1.0779014193943646 -0.17543099159914968 -0.38956067195261057
0.5206645900935899 0.22944689769168033 -0.5664736519144657 -0.4906814605279264 0.8224428855676544 -0.25327975534737146
1.7780517997586247 0.128743291725689 -0.1552876079568896 -0.28433528267783936 0.8026928805149781 0.250093361164134
-1.5404832260221857 -0.4508008587347312 1.8184420827184609 1.208516613236405 0.09028348169516029 0.0672135363689406
-1.2456255264853542 -1.217134562987802 -0.49891915941131987 -0.9507076645663424 0.23141898415546686 0.8360163310213676
1.2091995460881695 -0.08816783848102427 -1.7935590524273988 -1.6823651901108023 0.8905772677798699 0.2260025131138203
0.2774795605750645 0.2500124796473676 0.7727209082646801 -0.4676247820061473 -0.4183436068981927 -1.196341126741737
0.32466866793002913 0.8385235363661147 -0.38312887116506494 -0.4518435020221604 2.0583474599219365 1.892846969240105
1.4516668542712252 0.7247021078076221 -0.33795873987780356 -1.2425321076120928 1.8564133223473722 2.1508064615996316
1.0149868548231806 2.6048430137250693 -0.5477734352262013 0.04484827653654172 0.7832037039792513 0.6060048916019212
0.5970416108255404 -0.2792965860273018 1.6927434898065434 2.5804097507559844 -1.155005495195795 -1.4263435444670631
-2.657194263797995 -1.4999811567146446 0.141296046460014 0.03636254227043159 -0.44109953321015727 0.45341101509385096
0.4165289893335467 0.3200549071184008 -0.6315036316018743 -0.22076684806725183 -0.687232270111031 -0.7738313737839391
1.0948019475605246 2.121315820255024 -1.9369326016257757e-06 0.012282569473861287 0.9766142463004711 -0.23756040795316902
1.519003302863633 1.3440523769649384 -1.302791490260167 -0.8637654208888609 -1.5412194224168083 -0.08910866677136808
0.02753414338286781 0.21523664559990927 -0.7140808015008586 0.1241364791421552 0.33461118454195066 -0.4643775325146753
-1.008735151618509 -0.8518931053140402 1.730585480130362 0.9758752907192905 1.1783338190065433 -0.03572693268760241
-0.501436582973042 -0.46155589948963005 0.807206061503304 -0.18341134387288793 -0.3030065748255211 -0.00356287220206003
0.6904474204178319 0.4316332354871519 0.23571801169537054 0.841924041174164 -0.8564065820438314 -0.6336201482748863
-0.1050783065611236 0.32048008497577124 -1.6566269238324645 -1.6641519974511625 -2.216589278293251 -2.1827712215665924
-1.3662056954447357 -0.3739482551683645 -0.09197773536081666 -0.474637924311417 1.3946492515695084 0.5935599047285058
0.5046345333519054 -0.15038534269622594 1.268573421617358 0.8437346826817962 -0.47799490540483947 -2.386182148809506
-0.17863596628361075 -0.5017653237501044 -0.8909600367138325 -0.6816645895431693 0.35319152608841325 0.12148346326096332
1.6000176086971083 1.7498852790587156 0.8512241879955054 0.4541545065286042 -1.7626883154591777 -0.712150059172192
0.26798912403765346 0.03633212359133753 -1.4131196804918562 -2.2495927319460023 0.2172433668164892 0.46092671944272484
0.8748965820142257 1.2529337589668725 0.41436874335286855 0.4243573621936692 -1.0646638430550486 -0.35343581208592173
-0.09886941024884888 -0.8327846201472654 -0.30191128631932934 0.2089810669229274 -0.09627528427434788 -0.6540506667140682
-0.3849382823795742 0.8822159340167965 0.7119859011875681 1.852176240427524 1.447195428810592 0.8080291711172429
-0.7521791345609126 -1.2310845422959515 0.1792550533117413 0.1006447326191796 -0.21299615355139764 -0.537516439068962
-0.3443225255274067 -0.8768865376266648 0.06318634922220523 0.29209027353443306 -0.8257202969109029 -0.17901176224255416
1.1881405229582038 0.577803451260346 -1.393921946280933 -1.333148196953865 0.8039457990935088 1.790814777577018
1.2767496243417629 1.747324702236451 -0.4048563127193397 -1.443645234938066 -0.11368900301952009 -0.8714053434956128
0.1455671183093819 0.18945670092507957 -0.07878377600287657 -0.16961764049502293 0.2619492678627887 0.504249744227252
-0.24158036911737474 -0.8745796621582365 -1.6276275626252363 -1.8983715510169925 0.333516322951693 0.2591789216420144
0.3785242568879666 0.994094615928657 0.1266329635332799 0.5508431781384882 1.5055046592205725 2.272441326193298
0.1160046811646224 1.0432310035351215 -0.19155047566149574 -0.41798971029883536 0.07939811561886613 -0.6504318112680134
-1.4277768493540977 -1.2784352233309837 0.10718894064498988 0.42106054675550536 -0.19495446920675732 -0.7222742085228175
-0.0227735021021404 -0.9390354008991998 -0.5364421414679454 0.1794204550651035 0.7435437218908856 0.13010292646403365
-0.20523920973157797 0.7601808883728076 -0.27790567069382505 -0.8835304048627561 0.2846821769600691 0.7978103745104874
-0.9473143801696384 -1.7215198495551565 2.9487426775608796 3.688978600752055 0.405628368468645 0.820024564867512
-0.8692960479863067 -1.7255627907593016 -0.914277979958155 -1.5238225227476936 -0.7543728266573085 -0.895326921001518
0.791465504760144 1.0168185352367805 -1.1908814726839476 -1.5502579456089105 0.9607674093311461 1.6840342801718244
-1.2898829485549521 -0.49614101062692195 0.922770467757302 0.7614503626318696 0.012614679682866345 -0.9146850208059158
0.2175266206377755 0.770068781784881 -0.43095226729221914 0.06834514966656874 0.743573640872584 0.07327674262195721
-0.6779414314154554 -0.8828269119320189 -0.8831908509688815 -0.7512651705007668 1.3891631457513347 0.8898445180150668
0.24793071987698778 0.13492994253199486 1.4513599285245744 1.403412917355718 -1.3754796008936088 -0.8898955313753757
-0.05411062380622524 -1.3419184391908472 0.8663915641528201 0.7250495467631253 -0.06681867126719178 0.6578641669659383
-1.68842375451893 -1.6747584936220261 0.8154690211251786 1.334461310463158 2.370462074737536 1.5754267276539207
-1.4475211620672785 -1.2170978570655335 -0.7096020111637895 -0.7506758298432115 0.8870924319527222 -0.6477920590835335
0.8466797972495059 -0.35001055813137527 -1.5048922903740334 -0.9589515705815068 -0.9785553355695629 -1.119757361103374
-0.03673676171725571 -0.07417911378422931 -0.35120611513370464 -1.9794763864525595 0.8885169758944446 0.20927745498959838
-0.6929301635002102 0.45679849216418544 -0.24100225593015145 -0.40585988918723237 0.9927629792084017 -0.03916696010309928
1.2530367709116232 1.8665723925994229 1.7499609523598618 0.6999233562968422 -1.1050411794881838 -1.5066668989504226
1.2981444503480672 0.31534114867186114 2.1664153532600774 1.3067969004379216 -0.5206671354508688 -0.03583605713452176
-0.6413774767731268 0.20311380322396827 1.6392201199952232 0.4384122869079863 -1.7400909077827704 -1.275384585637531
-1.8124142499212261 -1.364783617232252 -1.1623364679243942 -0.5495691477808602 1.1097907350140994 0.9677366545831345
-0.36045417090999493 -0.85209331215422 -0.05564498509370553 0.376920050402315 0.2692654391919069 0.007402519544582015
0.898432681388627 0.6125473545938974 0.4232081506951598 0.1008523194107808 1.703468905389477 1.2833019965720005
0.2809646589379651 -0.1729131046763226 0.2901663529260677 0.7838702073512371 0.07333385137251762 -0.4337989753559979
2.544483121755522 1.53343149569565 1.1253093903483649 1.795041015552954 0.3374029998801043 -0.07851121013254064
2.2690436050611216 1.3819719951294576 -0.19094878475866117 1.057235525175486 -2.0803591083178214 -0.861300232443803
-0.18461250520312658 -0.18000933741963931 -1.0988248430870975 -0.6559569427474081 1.0779843517881051 0.7816036322315827
-0.11341358795288133 -0.326456122972985 1.885528722453733 -0.007742462265538874 0.45684115562935873 -0.366723022124668
-0.7202699898056673 -0.1454582468030538 -1.3010472414399767 -1.9211989247096333 -0.2146963626451443 -0.40988194079760154
1.180290757063983 -0.054069541331286386 -0.9475986661288902 -0.6716093594466861 -0.6002683217706061 -1.041631801291329
-0.14931643556721577 -0.6618034370426167 -0.32846077735247514 -0.16580990023847875 -1.4065950857273242 -1.1614784958317805
0.5129894881304761 0.08258070550829183 -0.8033566185062535 0.24405526041033354 -1.3737278848633776 0.10697460592509644
0.738755574505837 -0.14400123453908253 -1.4198331006404723 -0.37211448597066843 -0.578850170597221 0.029008754653093716
0.21540771978693418 1.3100906023498322 -0.14512005946812018 -0.4654237666364611 1.1921496071874917 1.3231833772504737
0.5897492206880961 0.44455090857557905 -0.2165181407867216 -0.04169788473960821 0.5111750483563177 -0.5434964262051415
0.38296650748413 0.43486877657114803 -0.9304898767415658 -0.8966493791206732 1.4714461924271875 0.9732075762942751
1.1490833794582287 1.3264810500679665 -0.6092494857170195 -0.07579809695641171 1.3178139413860062 0.7547934298790151
-1.1385504928821544 -1.0327773285394675 1.2437839862495739 1.385264546323015 0.43997575437258274 0.0858685874919613
-0.6913095340239002 -0.29043109769977826 0.662644470153195 0.3699024776324786 -1.5464844438292615 -0.24041466484393892
0.08512815440049412 0.6640530725252761 0.4139661192884794 0.14990063308961066 0.08168880488381561 -0.24391712175372401
-0.035425941897441575 -0.799883587911207 -0.020115026734253767 -0.8290667817734422 0.14273085193216467 -0.25770390754483746
1.1324989487058046 0.43092809827716394 -0.3641537916980749 -0.03641825557210329 1.0115146266258959 -0.5410893613734866
0.5981255118748965 0.8798217236978947 1.0131644784152267 1.2605935504208474 0.023802143472350646 -1.0386159454850372
-0.05416021174835384 -0.6407183148485623 -0.7772046352694196 -0.5822261340472218 0.7886156684529517 0.4408717896999652
-0.19687851275035703 -0.0708791448905833 0.05707383384999077 0.5239760634685894 0.28611057364469683 1.3627221406783931
0.7821703280551986 -0.3954223890126992 0.18723536131701943 0.016060499330294395 -0.844912829958707 -0.947841387550309
-1.916852719506565 -0.8381574628972628 -1.4459478132543648 -1.1559201062413245 0.1849082954481304 0.8269527152255731
-0.12283691673859312 -0.32291247521715 0.4937327594782295 0.4888759200578168 0.45627656450745474 -0.352493167842841
1.672272991583069 0.5899232252744326 -0.8647537766195682 -0.988906942481772 1.8918397808761067 0.47135412090574413
0.8293279070652336 0.8115348002160906 0.4915180439733044 -0.5840592699353861 0.27992951383245424 -0.15799430740612336
-0.45317549657555006 -0.7039705142622323 -1.1250210049984841 -1.5616810379023733 1.2949546760595043 0.6313590011277936
0.8937858188426607 1.1832563998171328 -0.3784717054979205 -0.4124973403825432 -0.1552723434059669 -0.6911893489765489
0.30720683820581507 0.6176398731957937 -0.5092061401927889 -0.5667523352008743 -1.0772508258859987 -0.8921647387923753
-1.1756974478055235 -0.2736925289016163 1.7672563594687827 0.9092768971999503 -1.9793701433006894 -1.0072269771649223
0.8906052185498938 1.02904868893167 -0.5067955094755974 -0.7377609251394435 1.1146395095908062 1.5496822000717136
0.33091819586744553 0.5305361662050623 0.5647173834254038 0.8686700037784914 0.32533494326235585 -0.6855066408777573
-2.23722279289139 -1.4935191560187981 0.8502569736323142 0.9053304544992444 -0.7782135076824778 -1.1470362946965706
0.6269757625259458 0.36255798559976377 0.627283976706895 0.7544932219031544 0.08757994779436945 1.5327686216244865
0.45729511606455475 0.5554574689296174 -0.04907284481165136 0.40709411173367044 -0.39881095356038304 -0.038366507780824066
-0.48778269618668296 -0.31802055683921326 -0.03297335170735263 0.06245666530107257 -0.829299058101219 -1.3859886647165414
-1.0727657905547092 0.6034477841705355 -0.7356105776576102 -0.6433010234900086 -0.6907387785364669 -1.104777040570577
-2.407238641154246 -0.009738821797334651 -0.47299760759248594 0.49379293629231286 2.16193938465028 2.4450609515531228
1.789710523450527 2.0891653603399147 -1.5406616337926697 -1.1816028997380967 -1.4225989571780682 -1.642380492854333
0.4524265252612805 0.048833810190575644 -0.4893857342549013 -0.34724980168177844 -0.8629445035009625 -0.7415266213846369
-0.6292728533928049 -0.12209100041582993 0.11453473909057744 0.20087628418790315 -0.19113745935472812 -0.5288815822443728
-2.632682347890335 -1.845966720945945 1.0945275540302828 1.9799318735637352 -1.2371456490533002 -2.176199045219512
-0.6703888376711986 -2.0174563264474816 1.0671846042462743 0.6676202449867557 0.6987183943219686 0.8721278716562669
0.761491900884726 0.7809174639607014 -0.27218878246889233 -0.851668221725757 0.6178784633261061 -0.15193471681934023
0.18017392824949804 -0.6305228798590837 -0.08151617912347289 0.05921380139317776 0.367960182091886 0.7907565950851942
-0.2228516081865441 0.030034822744916007 1.1184082284118262 1.669211235247205 -0.6619733415731612 -0.7144326915008408
-0.766089382793777 0.9094202018425536 -0.042734527197900614 0.9072877102029923 -0.6522672799004807 -1.4368006361207706
0.10667806249540243 -1.6316286394842574 0.7607464174575124 1.1536851465826925 1.2806398269727912 0.8063553821808125
-0.7895801116466018 0.7538778371127446 -0.13287175377321256 -0.030720023085054185 -0.39188760264520833 0.7714278846250084
-1.1743731397338701 -0.5640358474774874 -0.3254084091714911 1.1792896411569014 0.1787354789001614 -0.29236073195779255
-0.8456430379185284 -0.40418063669752646 1.9744439960627866 1.8863112271829885 -0.6931724634995636 -1.2206085069532704
-0.18049744670042844 0.5150851968416291 -1.1621063846054196 -0.8464239547399307 -1.2662546954440306 -0.10422356561153112
-0.4504629382301339 -1.3091229096110784 -0.06471262774574821 -0.5460751873126838 -0.29107993802168125 0.9822274929980153
0.1818963903373473 0.15618814127182773 -0.1782373950458282 -0.14492067734571507 0.12279732920846856 0.15145923213622112
-0.23715535933035467 -0.3626414144484725 0.6393281195844686 -0.4486924610582501 -0.13020404117722076 -0.13693749990346982
0.4338077665787606 -0.3371523278984253 0.26375599152097695 0.0941599636093227 -0.21620040278337296 0.2242134812586718
-0.5008933551482285 -0.24014550280822394 0.9027201545620259 0.8070766702461334 1.508976993427562 1.8071100646345495
-0.7219947271659767 0.7037518930154337 0.46112809742508515 0.19757296161965257 0.7935432016320132 0.040222826043523896
0.7125788873526563 0.38891362857794515 0.8862756839088521 1.3576522499798438 0.021937278217764436 1.9273769878865645
-0.815267924237508 -0.7591454124927981 -1.7040286458765248 -2.3748418173839023 -1.6695147689561238 -1.531285836002216
1.1489821695446856 1.3403794199184509 0.2701408873427947 0.6516973848045494 -1.3739625572982295 -0.546737218410509
-1.351437841454778 -1.6933544725677496 -0.7747551278816694 -0.277463965266724 1.294234141304589 1.515467613851487
-1.6290945143107765 -1.6011689386343901 0.2022345241399771 0.8084295941834642 -1.2588158618619447 -1.8130339413695316
-0.5242636046145964 0.7574752996828622 0.7009712100815896 1.0709434887940354 0.40150433638746 1.472328626762033
-0.006592674832567835 -1.712043943651156 -1.0397486693409808 -0.8140824186382863 0.5330976840328797 0.06697331719694599
0.08536127054239213 0.09888813050722375 0.4846661548378077 0.11527602229366846 -0.7024303319836674 -0.9931286653166033
0.38928652744304826 0.9816134459141138 -2.3973403230710915 -1.038104469274618 0.797304493750152 0.9442676721571694
-1.1992375555029995 -1.6832789274271738 0.4013961130715836 0.8254577510479673 -0.11763055360239745 -0.416999452994995
0.9058782187068641 0.4724303994936132 -1.7189783066880922 -1.7500012768121542 1.2592654788732498 0.7379198535791496
-1.3677718201051883 -0.3884597915591944 -1.2218702252394613 -1.3864857245489153 0.6624104223716706 1.060289335644938
2.361719154271108 1.197514139772219 -1.1327501081673086 0.017138248830245284 -0.43352360407463053 -0.6213484253818917
0.24678704379604197 -0.9875356560332057 -1.074578854208216 0.2606360617144714 -0.5002581901874226 -0.772809280033752
-0.4429340060398307 0.30518842388388945 1.0382136750610378 0.40982729257983735 -0.1375215257377772 -0.36388140224351995
1.4738177963590409 -0.6307213823946396 -0.8986862847755541 -0.07336070035567821 -0.9988789438495298 -1.187018369349382
-1.0093752652293153 -0.38396202061878526 0.8986803979871968 1.0862865233785937 0.7189471818043819 0.22322792968368987
1.4346108582388541 1.7676870737780477 -0.3005206620578429 -0.7569683645135937 -0.7571144445616769 -1.3879381237359456
0.5550274909925677 1.4166217181152823 -0.23507520119658176 0.45875924043053584 1.0831069902644601 0.6437176575632046
1.3231773613623592 1.052362676208552 0.1911395245893442 -0.7278736539095401 0.9812804171388427 -0.04100529386698726
0.05639302337809671 1.3567034555096988 0.22852754414142892 -0.4276159380875547 0.2662229846249444 -0.35564302168615075
-0.2172253470114685 -0.5467398328583523 -0.20710794846800118 0.24685491902133438 0.692429065750379 0.5347180125303694
-0.13315411066905297 -0.445730384793475 0.29585757626151676 0.23510822219231595 0.553616961600558 0.3310066258514806
0.5727738636456442 0.6317753681386394 0.06241849703774465 -0.10796692196542054 -0.12223810932478754 0.8891195121069857
0.19515770205430844 -0.7817953521631869 -0.3873126462278504 -1.2131308486134273 0.6866657617366787 -0.08496666711623224
-0.505813372810749 -0.18364463752579974 -2.182498393036439 -2.83100153913216 0.01286000463028478 0.9063169048610196
-0.06122966730483545 0.01865200542822524 2.2618743689207617 2.467213725545422 -2.122609741937846 -0.7017068327488787
-0.20245384975527297 0.1929804486100965 -1.375052438477737 -2.191148853804399 -0.6299353424766416 -0.8716569479252758
-1.3129553744093918 -2.0950400620540055 -1.5437041758168462 -0.721731219132992 -0.21461368302826095 0.023740005880645593
-1.5562398346396389 -1.440419208633097 0.9465466579623125 0.3827752379001424 0.6388487602692912 1.0473790723098448
0.36521947615846906 0.25792237769069826 -0.7645416779255171 -0.2549429278369963 0.6243390149559243 0.41996692555573906
-0.1405703718281096 -0.43200085532080534 -0.21266348637909221 -0.05428016445532165 0.7309780822520716 0.3847290920986248
-0.7334209751236038 0.40525815217162053 -1.0304598667045013 -1.2949351233596293 0.18541051438971107 0.09275735581439706
-0.8323563937260019 -0.626842390626441 -0.11402847215921684 1.0317397391197554 0.13436551108146672 0.3403310004018111
-0.5000754959909601 0.10341506989911892 -1.0994365910450095 1.0573617677807725 -0.6098454017791558 -0.7180575809204002
1.0612364966663639 0.515937752399311 -1.4553901635058437 -0.536521925594808 0.3059518227363659 -0.02615854119437852
1.1756559064323984 1.7117136103381352 -1.2705689444181243 -1.251639300111124 0.21331124235619264 0.2113764619731234
-1.2082535368871183 -0.9652878024731782 0.6011012711204197 0.6607370729022287 -0.7684960299909172 -0.16167364784653465
-0.5146311517032599 -1.465344191461172 1.5236318732981409 1.340217981459055 -0.7383413728389931 -0.9860240412657411
-0.3299052541211059 -0.32916548045665883 -1.175194342419029 -0.030081722196183658 1.7598499985854936 1.0788074874300513
0.09023230410900711 1.1216318855106897 1.3296359690109063 0.9434604490646963 0.807007787142728 1.071141516869869
-1.4951406180704225 -0.4947149081789406 1.2185096794753854 1.1332354046444928 1.4662841657789838 2.0618936468619733
0.6793173001578402 -0.6058254768526862 -2.065067158448793 -2.1711599954562772 0.8369572141704561 -0.6165465285917464
0.5427094765946013 -0.36259365845127034 1.2679765730940002 0.0994175986381578 -1.3362773858329735 -0.7439551284407667
-1.6993024913531414 -2.4628777629533727 1.106638948518142 1.2379583708116695 -1.760322532606887 -1.1984824643000682
1.1790149571037556 0.6487611589022834 1.5967158216751922 1.3737760556040115 -0.7887228205826718 0.10000425520736744
-0.798464267215654 -1.064190969529856 -0.526993548101014 -0.6636404687664137 0.751094106492166 1.057907547587222
-0.6234503837835212 -0.04911239113426091 1.1922570241348058 1.7049371957387143 0.2451444852099574 0.7561852757908414
1.0602139918147202 0.14094647095568358 1.041350714908955 0.8782764346774443 -1.3095364256576303 -0.9134876095576807
-0.3039030555421953 0.6260294036348665 1.2811181913959173 0.4481696203089274 0.6624818647382203 0.3527795070408402
-0.4716587972174103 -0.5212844811811296 0.34151021794665315 -0.21077640488586336 -0.29154231225105326 0.321548423904574
-0.21816505110330478 0.3558493665021354 0.013241217556196226 0.16148060235371922 0.7857130673791836 0.8150286557070998
-1.3247972010502784 0.4064340008237156 1.476421858387713 1.5468349979863212 -0.5591775861180753 0.40523036255368416
0.46748129720062126 0.20195807853138176 0.477438316528207 -0.6649550262130542 -2.187127599657048 -1.9114885533699273
0.455487960199758 -0.5376467366104675 0.7204685978343978 0.7076145621561534 0.172870081862015 0.7580075244276303
-0.35748451030785566 -0.10464995706103447 1.1062143702215737 0.2073780165790644 -0.40265109060545273 -0.16721939291774432
1.5049997279602687 0.7282847256571165 -1.6280523943418528 -0.7487399308714466 0.9432204780719342 0.8060576644742182
-1.4615883408152852 -0.8353635079012305 0.9016821394894848 0.6603178532622026 -1.9327719271180384 -1.2099460726871962
0.7184084591549355 0.06678226969971268 2.404625132146544 2.0436597107417938 -1.5041772841963905 -0.3429202277785284
-1.1720589515409292 -0.6745030506296188 0.8723522880618928 0.36421793036661665 0.7809642198272143 0.4614235617362774
0.1863675145802172 -0.027285069837254566 -1.8602546374319702 -0.14879801003795912 0.6760498681180966 0.950939976839928
-0.00886716901546334 -0.1937130815818174 0.7759755282814469 0.0790964090958538 0.29464479322475035 0.5985935778552605
1.0125813379483917 1.3062770026500408 -1.9256345880698775 -1.6635313728805676 -1.3572734847618266 -1.3252642327919295
0.17061988401628933 -0.6498489715706465 -0.03271145751212697 -0.24258905507650605 0.6640537226185931 0.05554478315798511
1.241748433272 1.258937441380359 1.0837657044055986 1.1452000609939776 0.6633288672826615 1.4905467644402246
0.21405567885094784 1.2574888955953294 -0.3740004807790229 0.392864096060657 0.36578681464070134 0.1957153622930189
1.329230476411942 0.5426103214432363 -1.403330553666374 -0.4578801724038031 0.3050675202650542 1.0097127768120486
-0.06366984125061759 -1.1391363378597565 -1.6174717200305873 -2.172683097052886 -0.449051286401489 -0.3893316887462021
1.245256703421044 0.6372082484436669 0.9974084150742345 1.0883884589070485 -0.22152248160425236 0.3818706298074882
-0.4378339135669591 -0.8871809011381528 0.43804542371807587 0.5588005071275589 1.217177303757086 1.5967753422743942
0.6862567670982825 0.014840773453723866 -1.3218317681771596 -1.108510840890968 -1.5327503565019536 -1.7718319767036053
-0.3543954374956438 0.304145199705638 -2.9715421622955476 -3.35754440140991 -0.74856520640315 -0.7769521598652693
0.7534072233354162 0.29427319607211305 -1.7656391293689142 -0.9014846175586766 -0.7289316166213075 0.20282318340724226
1.2592665066394932 0.3160710997654381 0.10299441152938439 1.5642043070951488 2.0199995363634073 0.9300482436801616
-0.10949380736267061 0.005615151947339067 -0.6717102592060199 -0.11747922434033409 1.0582417787968117 0.7053367942240757
0.28430662203497303 -0.38660322518232576 1.3882202139744477 0.10855821399862542 0.0065025390786242285 0.3964432128186016
1.482749690721475 0.49564057167306796 -0.35513930835250984 -1.2810787168839113 -1.2925722544239635 -1.8574234812339039
-0.4965112159273109 -0.8023163450745977 -0.49987095443053786 -0.37303318745574127 1.139100091717087 2.258135120443166
-1.7927229907987376 -1.7428934571761476 -1.739340080160175 -0.7861170083325145 2.3513050431626574 2.414618604329579
-0.9266753379380556 -0.9280339994312462 0.8911005754821699 1.128542563381059 2.5112890000471397 2.2211828886818163
0.6968163527812964 0.5499851185916704 0.36955109999468755 0.0717012860974588 -1.8728599648061306 -1.8429187471733253
-0.05164911720110474 0.12311803530573992 -0.017104931625980153 -0.03092697931681484 0.8870478887842049 1.7404363573229051
-0.5888278509457952 0.7140223827176393 -0.2287594805276319 0.644034376833742 -0.2319178066634517 0.01326734292327919
-0.20680133402492795 0.6154509519283089 0.5836057355472146 0.7052102275916041 -0.8207777682663456 0.4768750729321618
0.8808737627120028 1.4450770841855372 -1.56989736364377 -1.071553035009495 -1.7382686854005511 -1.2879815519966746
-0.375988536419825 -0.052285254417806126 0.11699255150739095 -0.12953635060442653 0.01833578871728866 -0.17021133753408937
-1.4660758176123108 -1.2325931948641842 1.957618227802994 2.078169600333596 -0.5430029669825105 -0.5742771056336744
0.0352990826595652 -0.6442929577459984 0.6195851388150224 -0.9548892484986264 -1.8491504877790654 -0.29043056983861404
0.0371669916916913 0.39308693662971433 -0.15394906680174533 -0.662680508503271 0.21531435541374083 -1.4213722763003733
0.7010575504043653 0.9913394578451302 0.36737429409251754 -1.0868741185024144 0.20035499086698796 0.3319640902247944
1.8259280694141955 0.6070668960947743 -0.4387948496768015 0.3187560542283602 0.7633741225378863 0.6247509992985841
1.6652036424956522 0.3713366860831222 1.0734015724525465 1.2185626789993953 -0.49903508604766295 -0.9400398855945309
-1.1744796227613141 -0.878576678760771 -0.5452243781892577 0.12479994998600408 -1.5432091730958997 -1.3300944353029471
1.8201804119452758 2.6568222385269546 -1.6026597668036136 -0.92849063504958 0.02801790332232011 -0.19496936189899255
1.6131472363617994 0.6640137249722843 0.2693260850229943 0.12458134416335104 -0.7576371599187612 -0.807292971912722
0.09774662776209311 1.0437869751554574 1.2839183236330114 0.21666361316584937 1.7431892518662129 1.6324495915612172
0.2514109784973404 -0.8566392179840093 -0.7701293880819285 0.36847692704747237 0.6152292018193062 1.7107723318160273
1.3194344045555273 0.022696553135665876 0.46521522928134507 -0.6981299102759129 -2.036984838032151 -1.5170395459087898
-0.9227719454806425 -0.9013439966310381 -1.4141649524838338 -1.5743449562490854 0.851731810710047 0.37901470009419314
-1.0693769599143557 -0.9837321503816796 1.2177549287484597 0.4266986249371814 -0.6107155288650283 -1.3888579840583646
0.7595534700622963 0.9405737836895334 -0.49161493514447696 0.11668386222829658 -0.22586232785117577 -1.3536094388894266
0.8133727736673114 0.7532938707023327 -0.7073624601442687 -0.9163896033411614 -0.29322657148404174 -1.776458398748093
0.26035891181808235 1.4081579258015378 0.7393698215848631 1.1807600602786366 -0.5322088944719507 -0.8488760091307884
-0.7810510579719088 -0.8722664572336017 -2.7603678561881098 -1.7942657285036094 -1.3956110425115806 -0.015718476190631714
1.7308522863322462 0.7141343321199658 -0.16893855206078434 0.8527835548715309 1.866102707529118 1.8571848931364696
2.0105746697105555 2.1824408189575526 -0.32860136991307193 -1.756259594655297 0.18501205929988807 1.2832479719895047
0.11251031782993438 -0.4052621640890088 0.26686360129667497 0.10168558545023582 -1.3967620707077604 -0.3688856683031061
0.5669189353621655 -0.07120374440618099 1.5001132254505738 1.0591784165930753 0.17061964800164864 0.11973153273869909
-0.24792653675373408 -0.05552127151385772 1.2208837786418014 1.092535810950427 0.5614855588459843 0.20063189821817698
0.8910118370839132 0.5855843879903173 0.0118944741669527 -0.19365768984798906 -0.38366170075992595 -0.5835050819904009
-1.069708469037994 -0.008430171051705071 0.45994912886757466 -0.7350611775837983 -0.8264517640120367 -0.20159981472137956
0.08576531661401648 0.3270163134101339 0.7825911043928617 -0.4805686629883561 0.8574810126326666 1.1424463737291315
-1.6086507970948594 -1.2027361135937253 -0.07152903387125978 0.6689965725681606 0.22117209756436318 0.18149730920149854
0.15551740621348206 0.3098136006570614 -0.689358932494397 0.031994163645151175 -1.022371235238319 -0.8432789412222966
2.111279001893218 1.6493854772452545 -2.8477404062482874 -1.7645899252925252 -1.2068867437309956 -0.4870354722785372
1.2290656424496744 0.5955239937975403 0.9838409372072968 1.0275189252457937 1.3863214362695433 2.609672590694668
0.7952261113776631 0.19990420393160968 0.26083346475791147 -0.25740291134164606 -0.44784642221430593 -0.35670193656277327
0.041284823408880976 0.6265592928972783 0.8626958284748543 1.1309990429333854 -0.6676667625850614 -0.6892546752781918
0.6574513147041997 0.20927181157564534 -1.9780056558834416 -2.064028311262578 0.5613464522070559 0.9202008651318042
0.6763310056136494 -0.6281061635804274 -1.2555643515588035 -1.8412064953990859 -1.298678936372497 -0.7572803647046096
-0.40209017420545534 -0.17965802839520773 1.8643302179639136 1.7211357940827539 0.07343327101489773 1.6027918020139467
1.3036971115995568 0.7470614470772436 1.9703100349501919 1.6196903717366962 0.5351743338455708 0.8650397798120909
0.2286995047964858 0.06676434352839795 0.7208710357204516 0.7055083682221889 -1.3150048564686845 -0.03708755112601425
-1.3987999549940537 -0.42591216301781387 -2.201245653326334 -1.266831076263205 -1.1511392123503748 -0.12126534234619335
-0.13933761295753827 0.022744372385420333 0.6584109526648302 1.1967158591030702 0.307115514434645 1.009137407854688
0.8092616604451585 0.5035415560945242 0.15334152731297662 0.617127765802238 0.5120328853235424 -0.08371559954531038
-0.6072165766120723 1.164124599848657 0.5515739031656031 0.5698318040389312 -0.16886837396007656 1.0997002230577237
0.31072858714849527 0.6800347174871058 -0.12080285494738331 -0.6918040724098513 1.2985475980552508 2.0725928919921746
-0.7354148477920688 0.020883634004882468 0.18938901887718826 -0.10530547177101651 -2.3270525548725662 -2.00192679913231
-0.4509673699744493 0.09765467439994191 -0.48417938606708744 -0.06272041404548845 0.32609046500931965 -0.46157384035897603
-1.4361162453133651 -0.1446756418509605 1.0004955431956692 0.4553738151510915 0.5437616421819292 -0.01910789557715392
-0.7384845362403132 -0.7104266739511103 -0.18953796621243418 0.019294634391559207 0.4522839948268081 0.6174033668246026
1.395863607838734 0.8342026296623082 0.8583347824697592 0.20510933093422856 0.9749386406944206 1.5012290859669704
1.6179709645419977 1.8145102116115406 0.09225519359725136 0.2111027855392092 0.28836941505048336 1.0104887659867279
-1.9393105562002473 -2.143221554818011 -0.11332973039254647 -0.04087978218833962 -0.6235157984693336 -0.7401113776939032
0.34373693150380874 0.12177956517079602 -1.1346061702812793 -1.0467997513242866 -0.9520520952029173 -1.4666330766741238
-0.5765874826878752 1.143024684648554 1.9191768062821124 1.7082567110373323 0.7184691082770747 1.270424445107766
-0.30106269260109836 0.7153326748080067 -0.857502578486487 -1.1338478030224959 0.099964759699488 -1.0407070697998608
-1.5888729243528905 -1.6392497035340958 0.5774164602758074 0.4372119513825646 -0.13031359495053008 -0.43719764124757915
0.4077481934192331 1.1058032687969976 1.866909861914109 0.6784101982349819 -0.011601574080401711 1.2030909177763944
0.49743789040703174 0.7951045229467244 0.9030702841590971 0.6364325832738109 0.4926937181812455 0.39323939684526016
-1.9532579667563252 -2.189669421247137 0.4473934619022214 0.1709964082565497 1.5528387349048793 1.2944690746197138
0.8328421292254244 1.2846239361510574 0.23397205358360654 -1.0774684663473175 0.7189179846115109 0.6617879774560502
0.42015037218653967 0.13885721301511555 -0.4064798038819144 0.21819095763047314 -0.5239454344218091 -1.7562247476613384
-0.6445407207096516 -1.5317928141053976 -0.722139608798276 -0.45664801945010536 -1.6604412571324596 -0.6237264201610025
-1.07055867344014 -0.5078475628458525 0.42818229511181494 0.6400084758111213 -2.1542807328083406 -1.5489432531751657
0.9922179287266812 1.7600389432428172 0.6349655739425082 0.42876917785447427 -0.2071324875810246 -0.06891527643886873
-0.9120167148350983 -1.2423656523400157 -1.0674344703729943 -1.5795915319661828 0.9812210086464915 0.7199184938200378
-0.9141118786065671 -0.5700522503869502 -1.2747400999503586 -1.0924544215139522 0.49607457988189685 -0.0860957022919785
1.2259790614220207 0.8142581839821518 -0.09730897882701704 0.901782595816931 0.21475969289613678 0.6677847070234433
-1.4363306229027266 -0.04555425763802834 -0.47474710493024525 0.38245435468024963 -0.19319729055013987 -1.1562490536163939
0.9317090181347193 1.3735094864249062 0.6977621091495532 0.19416329066236238 -0.6078305078988527 -1.09387936455949
1.1568996194825882 1.1810709879136325 0.5614653121158755 0.7675721263398751 -1.3791308841801777 -1.4324211672944176
-0.20391027265924105 -0.06304300272790125 1.0250534852372424 1.0693264544469137 1.2183402257917064 0.4830751817008057
0.9040585525721714 0.7944279266099862 -0.649082371036219 -0.5569773228297176 0.2373208527181946 -0.16752582004231514
0.7370376321426051 1.430413733738654 1.359444829013989 0.7371526103683338 -1.078939145077914 -0.5145415773668442
-0.7763066207406153 0.5113581307290624 -0.15100404300365167 0.4376270288381219 -1.337984245709832 0.12706680093248068
-0.8277546173628961 -0.9698901089802427 -2.098842001356267 -1.0069313542459015 0.08150138578047099 1.0253044878947106
0.7064890299357529 -0.7269651608106416 -0.1448693088445454 1.0335186630872053 -0.25513575168601416 0.4171558553768564
-0.2979755012608983 0.877065171081653 0.8674345728991543 1.0780233869930589 -0.38452468826012415 -0.4924953245310528
-0.8595899279609405 -1.607139562305788 -0.5384597878711997 -1.176067033992871 -0.32676224308994595 -2.1518749383644877
0.06615780363258338 -0.31024427236769514 -0.2270799148036626 0.7774296576418056 -0.7192054808433728 -0.6596640514250734
-0.2387735536342841 -0.6432524423958945 1.4594248007234438 0.920473643488618 -2.133507059311229 -1.3098157310025293
0.5409145069269343 0.09910275530220652 0.11564600151283133 -0.11326514332946441 -1.639352218512047 -1.6046596716248769
0.09075480815261942 -0.5820578764454305 0.24284205539903042 -0.9157050999243324 0.00327346235221813 0.16361690047081034
1.797964517256197 0.5645607828769664 0.5763532399224798 0.3715006982265708 1.1083334551212676 0.2608076699291315
-0.20235886868364206 -0.2795619060105592 0.1421994803209976 0.011769653590734036 -1.3077073530598786 -1.3627743643065462
0.1852988495816202 1.2206895491583356 -0.5278665986115633 -0.060948234456394856 -1.8371542589746128 -1.540773314545854
0.7727260912448307 0.9827278589012949 -0.8952289370805635 0.5726752303326244 -1.5026283260435898 -0.9069754900854016
0.9335367734179251 0.46018816903444215 -0.6965461418810833 0.2610556632635541 -1.2097040633128398 -0.7925210522473762
1.1649893915312548 0.7889939326936024 0.3796546189382486 0.9130820268020555 2.0653915120261512 2.22463410600277
-0.9187256915374921 -0.4767175798373986 -0.5333848576965423 1.2970946690940033 1.4195324237906572 2.2819117685590222
0.18931666583584625 0.3419910307901137 0.8464679511741487 0.31314968646009383 -0.24992264459684554 -0.6004396546500355
0.6984998055073901 0.003874512019236054 0.462707537541924 -0.48663645431078206 -0.32054927543542705 -0.2957933540281463
-0.31167245348220884 0.4933172798724881 0.09135326871088635 0.08824917389291162 -0.9262306852886913 0.10789110680423086
-1.3904524901270314 -1.5131533154558316 -0.47375628708386064 0.17542214044745918 0.9617532551761475 0.8752149106095076
0.6172724410643909 0.9706576598915623 -0.13021604808873147 0.8943235047330202 1.3882246691939102 2.2297443749165904
-0.6911334376275086 -1.3877314756130548 -0.1148348293568442 -0.6213737274135208 0.4071072874687963 -0.0872686658083266
-1.3112129556509655 -0.11704126497424006 1.1978355090926316 0.4513017964941512 -0.9866125331470902 -0.5279346295361194
-1.272286132675963 -0.7675994898490206 0.8554951862440955 0.3756693623821195 -0.09334936280547365 -1.8776245195469248
0.5482027885379576 0.042771602442598644 0.03755607611298544 0.28773857499392114 -0.6235856812341346 -1.1694302447374003
-2.4108450115666527 -1.4109334049966864 -0.9924715236694652 -0.9532888772122083 1.6020731590829609 2.1602160719231307
0.8810250952141212 0.9179273279739242 0.9797472797745423 1.7225173406310406 -0.25918362072086576 -0.5814132277514815
-0.8543580493184056 -0.4488678417772234 -0.43888351809923754 -1.18206157491929 1.1575800956378233 0.892431479644069
1.6456380302667548 0.3767531734952285 1.6897932771104434 0.7169652469415969 -1.4958345382024083 -0.1989953067046184
-1.4595234575417309 -0.8072838044058539 1.5548239729346887 1.2820526834705377 0.8948640470758777 1.2009489315397035
-0.042430411650973616 -0.8761440467063255 0.37244395497652977 -0.9313012915517129 -0.48339634440901996 0.0879426715715807
-0.018042986214494336 0.5132517418822461 -2.4880964327481943 -1.8784926672411526 0.6915658641945737 0.6848765936552629
0.9296173699288586 0.9035978708690786 0.17432038500849245 -0.24038430295523316 0.1682992573026253 -0.11643781386096766
1.306924075221787 1.0298200819510606 1.663473182469042 1.137146357147577 -0.7333660751866722 -0.3556546711107188
-0.29141868858580916 -0.9346347965091842 0.7230106220005145 -0.19403984790784512 0.1937529706528145 0.5494390686464403
2.5746598930280453 0.8478913940762289 1.0625671191442905 0.3122103124517222 -0.67808704462005 -0.87400156858355
-1.0111571357020643 -0.6282846614459596 0.07361308470510909 0.15591162950705906 -1.0143000014307402 -1.1292564671720033
1.1424447861847131 1.4821170251625244 1.453820586768412 0.360492660660616 0.6566378105929541 0.14303561411013166
0.6741164878566326 0.2770985863527711 -0.615846769429389 -0.25992453447743513 -0.43209431535001985 0.038765128159763074
-1.3043030832241893 -1.6584454530268848 -0.968843523945078 0.9587372096784735 -0.622340351858694 0.28626777588965524
-0.25306905119535406 -0.5803998389311927 1.6816661849567722 0.45541708478480125 -1.0495051367509873 -1.0568710032397557
-0.7469546041883875 -0.20483503791176888 -0.20855232552910777 -1.1079972812574526 -0.3303089390650513 0.07575667686145388
-1.4660049624369613 -0.32530097229130495 -0.41126548871886515 -1.6858580567312162 -0.36220341237526493 -0.9488591945964302
0.9612907658569263 1.8121477341635757 -1.2854735344102044 -1.2671526625107996 -1.0192714467363855 -0.2500219075826149
-0.3221080873013975 -0.4796338393129361 -0.16839732361098958 -0.8377125987643608 0.4677987714225318 0.5426513798239222
-0.9257864663230344 -1.282385162490138 1.0758529962250158 1.0726152201440327 -0.9514766863422571 -0.9027108919044322
0.5428556545250801 -0.37160891963214715 0.05774190808861664 0.008955915098285007 0.9420170489102125 0.8768220092233533
-0.26813290795354133 0.30205364587071 0.9244682234911428 0.5266842952378521 0.39080625465331975 -0.41790134741371376
-0.17907485420231317 0.3709635755293357 0.3569320592514186 0.7051515112073534 0.3173481123613298 0.8281500902217368
0.3707340989700075 0.8905693689416836 -0.31949816232861533 -0.3433261459188593 -1.3358839713472472 -0.3195530477256986
-2.7897301280003393 -1.830961592878378 -0.2561510780207372 0.6669389982904861 0.065749103757362 -0.3835623791727768
-0.06144136869733299 0.14070629215291142 -0.3964563740825805 -0.2813542121833788 -1.9879181571693176 -1.267493167529712
-1.7487636730441334 -2.962964283695793 -0.0008910867277424483 -0.8950094981663852 0.796243717099444 0.7648140688884124
0.6824260314874501 0.4347293735297212 0.5503302351153272 0.6505549195290153 -0.8392513792345881 0.5646237474942885
0.7284921111629038 1.6549047979648446 0.40508801198540695 -0.15602555548091668 0.2976455228966664 -0.11515985388184391
1.0094550712134989 0.5453138536627167 -0.5840549362391663 -0.6015828213147809 0.28935451981284005 0.2786907575396096
-0.09692561378172758 0.015131585041944937 0.3358533977879923 0.0016618251467628298 0.49642948561948136 0.5362385245700911
-0.7717455420399233 -1.7349377471767304 -0.048704204768342654 0.2611751710433513 -0.8553409343125303 0.19000771843964315
-1.07911561969663 -1.142723829961019 -0.05199890229597847 -0.24066718825356898 1.364432627695616 0.2173662411814078
0.7109016383172867 0.6868109476063802 0.2457964964044352 -0.17465640677682895 1.221505521555055 0.743494567282371
0.24793020218725417 0.06903294300927225 1.1633577793054324 0.27374241092915874 1.2017717772226268 1.249081755048472
-0.946134644423923 -1.408776260048392 0.5196268541783642 0.5783910783234362 -0.6615715043221135 -0.6117330115030237
-0.9141593766889039 -0.4010713300008014 -1.3896144509473638 -0.8479182329482711 -2.052179213281692 -1.6862126114157152
-0.7053772285866667 -0.4013501340146629 -0.08873616949358978 0.22839190619105174 -1.3382427159003782 -0.5615656234699081
1.831601490132735 0.8788734230732183 1.5624034412535446 2.596134013067779 -0.42044927299273693 -0.3672078675136421
0.28002852471265205 0.0731372292685526 1.244773450552592 1.1411353987151969 0.15523394750412978 -0.0305235432286603
-0.24521436192234247 -0.7500485435380558 -0.6328149577512521 -0.47989505855815046 0.4494281047461201 0.2617801608142949
-0.834973426984437 -0.13616127454226634 0.46836770033911856 1.1439844385196167 1.095549082017068 0.941023794825692
0.3402784823834666 -0.2215681820443397 -1.4855058597481905 -1.8667597216296041 -0.007348335906240221 -0.6551817930795146
0.167505695318091 0.7669609096948782 -0.224102926871093 -0.5363384995386378 1.5282172707184523 0.4674705745033735
0.151803120381687 0.8657546692950675 -0.6033877183405486 -0.7548107277873566 1.150917133000244 0.6110422028748366
1.4288206829541454 1.3970899254749127 0.8540799236333689 -0.20485024066136104 0.027047827600860202 0.578447031283698
-0.3454859620323239 0.0031511391914277875 -0.6337987616806247 -1.3449632670474956 0.04548170236755784 1.5436612761734168
-0.9893543283713064 -0.5246680160073798 -0.057155417990439675 -1.088985417223336 -1.7628353382858746 -1.9108623707843546
1.0491074439581216 0.4797863591845894 0.5795648884373825 -0.7701996105371807 -0.6352821696828828 -1.405737079214099
0.17855820711511006 0.01579142641669881 -0.13409406429938198 -1.8921642097247264 1.9701935131085444 1.6545787316348428
0.6128656708906033 -0.6872602363891424 -0.8512947019977115 0.13976348494513868 0.19408639279079637 0.07371668596559765
0.19575053510346238 0.23374295867131642 1.5050199592895965 0.6282189969520876 0.5877320322056938 0.9358375378001001
-0.035491220955375546 0.5798424324667385 -0.2985211540562186 0.021856613342785214 -0.47955934947527384 0.34364418941743113
0.7983806683068692 0.8676402030626934 -0.5265530379320725 0.09369525975199078 1.049922028754448 1.4087006008913103
1.895136929396026 2.083586520966669 -0.28984133562966463 0.04331232358924961 -1.535681281907443 -0.36848573315120936
1.475697281458674 0.8553305550321066 -0.2679607269389135 0.23367328994113096 -0.8614539068263563 -0.12041858617958034
-0.68339412507353 0.2545076657428491 1.3167994478328082 1.3867877479640685 1.8362361894579196 1.2091464384226
-0.5376706089821814 -1.2827311333276339 0.8716958268485522 -0.17742690386395144 1.7770736705314425 0.5363743614241705
-0.7683229707097824 -1.057035971944745 -0.916696065786955 0.04882886628607819 -1.9907664019142688 -1.6367699344926594
0.41449259928197457 -0.07174473919814678 0.09903922629912279 -0.1355014932497399 1.017584796932018 0.7929037270815816
-0.9444278986621262 -0.496826030838738 -0.2727897269651246 0.8808832026250417 -1.5455325927402468 -1.3029786723839303
-1.2980931938116353 -0.2278773939261426 0.13833397432117003 0.2267976060410183 -0.8638386011139754 -0.650922680043173
2.1981537721815085 1.9958079577981642 -0.3323872535026146 0.7675005363723479 1.2703173559532934 1.752388305252183
-0.8555984330476362 0.03082863146817516 -0.664571976493091 -0.009914114969811483 1.6458014030909172 -0.3057039045656922
0.4255467981007871 0.8945122190700858 0.41898232006859604 1.2131246461256981 -0.17505211540791174 -0.6600868807065563
0.4962383075125217 1.071518512998609 -0.6286134155286683 -0.8073500148921886 1.0493067416586053 0.3069410424020924
1.0548223301108148 2.1241424494011936 0.9382840222380777 0.7854313155799244 0.736566096743576 1.1975148066547034
1.2317121225766163 0.5379374016465884 0.6732928189121382 0.7205030036148107 -0.8741554203136678 -1.3555879371113773
-0.9980794185418075 -1.2135194853142195 1.6811092362431952 0.4693403104229309 -0.9262369715708304 -0.18134527088552788
-0.49612906937045664 -1.0771431944471859 -0.5177856792597413 0.33533785544290584 -0.20033802177516338 0.07001321486439743
0.988613879179271 0.16794886666126696 -1.8190559225870433 -1.2673094856236737 -0.71110762659057 -0.35058478193735654
0.7652399344229552 0.15018084022635814 -0.9991074844314753 -0.9157500880924833 -0.22274702238594313 -1.3303939491375458
-0.9157137587323004 -1.0965169330477236 -0.21361833337896696 -1.0183220004698894 0.3533647954852265 0.15726893525344732
1.6695130704110142 1.7176541800792038 -0.30499621284217077 0.9135472105119474 1.640623075197032 1.5935847304699164
-1.3626319169179864 -1.3776903075781095 0.5686727458120152 0.6748987321426326 2.4443926697802243 1.4399406689494603
0.11750787666722755 0.2891065776815587 -0.4422272077840984 -0.8211000414482335 1.4229419178283609 0.32755197380254775
1.6432252215230436 1.1968630854455284 0.7582101034996467 0.5788779407123604 -1.0402510835803638 -1.8844153649572404
0.4716025994929543 0.2418135203122595 1.0514264452996918 1.1047924203487522 0.04626641329672343 0.5492807763123113
1.2825830695825002 2.016424899371154 0.5575484648469243 0.48496505453816563 1.0947275867783512 0.17113122296474936
-0.1220399537737232 -0.2749053678454926 -0.7810346784265987 -0.4981989056383689 0.9189751332017355 0.1362794919698158
0.32857146483700755 0.481554328475112 -0.44052597020511863 -0.05817314049600858 0.10015861941625193 -1.4838148734852283
0.525327482778708 -0.16961382145039094 -0.45728722683447426 0.3165442801172516 1.0987477265785848 0.030518480552590654
-0.8826453472731206 0.01696408241937941 1.4668496305585024 0.6439563123058358 -1.758253735487481 -1.8876574812843008
0.3776495762884852 0.8694435157770919 -0.5670486360085902 0.8025989903169186 -1.0545774395256788 -0.3419769264825295
0.8805165395197835 0.12117548028792657 1.5738278330476434 1.3162443094720537 -0.12165319592508025 1.1401966713136402
0.8851372642521128 0.0864949784204665 -0.028091948943157145 -0.00066363569739461 1.0166720642405318 0.06731054999131336
-1.3455649234489402 -1.3495875350482907 -1.503899856822965 -1.2445715985799237 -0.3188910842153629 -0.4503854848077531
1.3317576243157039 1.4832861877432386 -0.24220271791610917 -0.5587979028863281 2.277555602021659 2.121965647275694
-0.2280604694795417 -0.149612042598029 -0.6475090959269563 -0.32118620792737845 1.556057695502598 1.102047155203184
-0.08463578272984545 0.6245989264487358 -1.5030870858811496 -0.6576860158108374 0.4590486352595084 -0.2412163420286927
0.7675488715984542 0.1463313578073625 -1.6535162553985214 -1.7487950770424832 -0.40017376547606903 -0.7027960095334876
-1.8970624886175644 -1.9028824473744719 -0.049069887015271256 0.3912794580043609 0.3952449598972383 -0.061929566889287246
-0.6761074099244202 -0.0841225440970173 -0.7328055391701188 -0.5720170896773541 -0.9158390562852455 -0.6557875566467218
0.37556520532571186 0.5322948373157641 -0.13164444003233 0.8568894641537066 -0.7028299452603833 -1.0058849326714205
-0.8791705269561075 -1.036299364059049 -1.0646131348001546 -0.3210007072061184 -1.2992650749193493 -0.7049422649691173
-0.898501260508746 -1.0367554818922309 0.19637304730865326 -0.9679956628419804 1.0978256572157166 -0.41512487623121586
-1.0100767955102659 0.3020134385283201 -0.69105820470091 0.20424005209722185 1.0526663862969472 1.3381777269548216
0.41288149209195624 0.8488775826847345 0.6433773252601054 -0.13545569077463976 -0.6395476938381002 -1.170424695190411
-1.6837484354401877 -1.297442941244281 -0.324186121158906 0.24724845602784964 1.6764187547450793 1.2350919211514026
-0.4737045646421396 0.9397384649756861 -0.9664227866193115 1.2915044276877423 0.19959208801925157 -0.20183685843875282
-2.714319273510279 -2.594192682399978 1.1934211002532873 0.8654445139691508 0.2016679035422326 -0.41063658894660926
1.7706041213640737 0.6335076544020649 1.28653683366383 1.2028974289260284 -0.5060361905548861 0.11468587874338387
-0.4013081382585654 -1.4517741403129434 0.5473967627935287 1.5487736868167645 0.19791928332602746 0.6557535300260472
-1.7124513013738598 -0.7350385062157934 2.1309195174226114 1.5217632903597997 -0.4644376518646206 -0.851128513190951
-0.47849814310046807 -0.7849654512300686 0.79989409482505 0.5994338796079889 -1.0831293568711442 -0.5919259207368038
0.8039897647601314 0.6809054910891322 -0.014058572470983527 -0.014513179627986116 0.8659528110636259 -0.28567593879327235
0.0821214093834188 0.4468995678568046 0.8675589710371209 0.07473703256502517 -1.3973037578005336 -1.4401191038060315
-0.3820707205485955 -0.13609477140168622 -0.24253055039527469 0.3421240587528415 1.4222370291582929 0.2447331209425031
0.05824505011176923 -0.014694812774512386 1.6465028378063098 1.4587519119565462 -0.43396171637093717 0.3977561546146522
-0.003483583681845777 0.4888902343526912 -1.2205745880165308 -0.11469455518293359 -1.4601630105998302 -0.19893817667931757
1.1496471012701248 1.5854316337367078 0.2057390516692386 -0.028823545512549203 0.2895670741242917 -0.23890696774787445
-0.8116858989594204 -0.1642064540697732 -2.1461707656245426 -0.1540418488336066 -0.5014419102774539 0.049899530681708826
-0.06715443616561668 -0.3422101018396295 -0.8939137707496748 -0.9725768373417978 -2.293078188021864 -0.6235307625777831
0.41331178446192646 -0.574569479184542 0.22508552580498986 0.4979920948833093 0.43790483799618635 -0.5066121945789759
-0.2270846890581057 -0.05838949588923084 -0.8666636401201105 -0.8526400604492356 1.1762228607952763 2.298410795052777
-0.11778505802493452 0.6016035157501043 0.5027469921710961 -0.09628860503338454 -1.123069834596304 -0.4549074247810355
-1.4268429239568086 -0.8678574072867523 0.3481237063094708 -0.8787926358430761 0.28818077777444184 -0.7905505582820682
-0.7001775136908497 0.09472532387416188 -1.0195544416787257 -2.5360060182614177 -0.1028342000019911 -0.19526073935102023
-0.987352871255642 -2.0829392047301707 0.9023585638415725 1.7292027757058204 0.19585423208942546 1.0548092933410087
0.27650597072106176 1.2425218913473384 -0.4692625872582208 0.48745899106813273 0.2863988162516309 0.35245872319081517
-0.34809146812394903 0.17078127243431562 -1.94769137085874 -0.2693015739971214 -0.8065413031146129 -0.58916849786029
2.0100817010055034 1.8621769686111187 -1.1582334617864785 -2.9528231610523363 1.8924919057269476 2.224564909312325
-0.639660521729741 -0.8547300927182738 2.0507358971723857 1.694114221209672 -0.5713122287239042 -0.6666888217918413
0.865697753399159 -0.5494946146230459 -0.534544688040725 0.11546073244310667 0.6950752367160317 0.3781926682379683
-0.7111256997701948 0.1517576287047223 1.2611018080998062 0.20759114537054468 0.2830060908552879 -0.6072998759212941
-0.5477332757602345 -0.32884550846624994 1.0116304627488346 0.8236222342070514 -1.2639718557070485 -0.8692921259477046
-0.24058177782088022 -1.7252637731234306 -1.7413015461523136 -2.0094838490138978 0.5207336537439126 1.4344341608601794
-0.5054416117932379 -2.3701478673552856 -0.8425879575618089 -1.844212099777013 -0.6335573396090599 -0.18081514708524998
-1.7637093286184775 -1.026039732046443 -0.1943522216587864 0.1742123155850059 1.0349655501191501 1.3807645717630983