0.03767787888146701     -0.04057085425993191    
-0.36688497810724013    -0.43564203100088       
0.46516491160352724     -0.05238025035914482    
-0.26595675177096445    -0.23200824812024057    
0.20314022311907615     -0.48363404300547064    
-0.21252423777022683    -0.22550420995745465    
-0.2642400422992324     0.4689938487143529      
-0.1387777990403824     0.4305731540807583      
-0.2998292861206686     0.17049086626313037     
-0.26171753682062315    -0.058723475801887186   
-0.4960750265327207     -0.16960048303444628    
0.37460514676571594     -0.49003774713622766    
0.3319203681439667      0.4845766180570294      
0.5007299849508049      0.14356911029553357     
0.30284612096725905     0.1381315592662013      
-0.19021582494092387    -0.24674645514264368    
0.505054517804167       0.48330925423121646     
0.5003933177107935      0.2730406176862758      
-0.30910343723447364    0.07582434515345542     
-0.2796218681225016     0.24631295578372378     
0.18599744434273752     0.48001451370567516     
0.15516040075576917     0.42712499550162525     
0.4358976067951938      0.4993465078776792      
0.09525664154949308     -0.49078820065849066    
-0.3995296268589671     0.24424168870709112     
0.3988743169938844      -0.047336514504586896   
0.3050719313486436      -0.13903038127111533    
0.39428024755377133     0.49821981619794625     
-0.11217895607836054    -0.3743479724535873     
0.4777067484781334      -0.4007868446742805     
-0.4963443873203022     0.0033662609961818764   
0.4941333824898934      0.4279699536454079      
-0.24548409445554648    0.4669613633118641      
-0.3611481621120273     0.439100098254548       
-0.463351708116478      -0.28544407894643875    
0.19142453606842202     0.28245176767194385     
-0.4727001590272864     0.24702424521221014     
0.4038463805780324      0.07464166306992209     
-0.30762618476757797    0.42064065068520573     
-0.4929255104408989     0.1468741397182892      
0.35694183558535997     0.02892479180739485     
0.49907815487370055     -0.0415607758451581     
0.47376845947992025     0.4936290787729399      
0.4591907176455679      -0.43061326164815883    
-0.4924635031931597     0.49911404194466774     
0.24909522360688816     0.4770715570818985      
-0.46818867877746145    -0.5010201340705555     
0.4067682909319609      -0.45437176681727814    
-0.28779504543255036    -0.10095133526425908    
0.31013447725124915     -0.20707055602914573    
0.47695728016980665     0.1309335220610872      
0.4724635054509038      -0.1746064834735757     
-0.4702790717368028     0.47151494887589185     
0.42093571375915184     -0.3415775636202075     
0.41209572897482605     0.23328187358433697     
-0.10684421899605254    0.17481817009288925     
-0.08456477088222786    0.33873523506349995     
-0.5040818505623108     0.40916240964438233     
0.4947984497810251      0.45876498713126973     
-0.49530011149778563    -0.4810195430272499     
-0.4927300188307977     0.18119753264482624     
0.480074628380764       0.03727889807326031     
0.3775476801958139      -0.43881895440713375    
-0.04623364555763557    0.3590995091068256      
0.3506992903607544      -0.24676605883202046    
0.33290056058847006     -0.27286447114524515    
0.06312601428501281     -0.448991400888346      
0.45785045333405794     0.3359465807020644      
-0.2692804045659214     0.493970931276125       
0.32662521835492325     0.3318028706584629      
0.11626089141671682     -0.09339150293986395    
0.09901248808566356     0.4336430529454177      
0.3066766729366253      -0.19892522103621774    
0.19726403417380137     0.45962805190920825     
-0.2839938986150649     -0.2564389084482242     
-0.2862172943234311     0.24846111060084547     
0.272505252543099       0.006704841153990861    
-0.48241784930227416    0.4243179860619968      
-0.4146513347939375     0.4209386948615932      
0.48103252773241945     0.3292331043465811      
-0.24006271868729315    0.06183590993899274     
0.5031895621002838      -0.42207880696069117    
0.49320082231747525     -0.16415550125830664    
0.24343984132147778     0.29566705223438355     
-0.4811669694010507     0.09579290463902873     
-0.3244821016234579     0.0415117199898707      
0.45756961351904374     -0.29978236408188086    
-0.2779486489319185     -0.02026516447611486    
0.3794762098865957      0.49749232606478305     
0.28008621041109727     0.2148545475660801      
0.45337313294746884     0.4284996372434217      
0.43049427107062055     -0.5015031225283794     
-0.3990460074376505     0.1550701865915669      
-0.45726983727732157    -0.36808225565682384    
0.42672002069991116     -0.4314209257983953     
0.25629562273663115     0.007269036268859398    
-0.40789499314360683    0.4470575426496711      
-0.4987270015435321     0.271256168375356       
-0.33551816157739894    -0.043977152835069894   
-0.06335740655595132    -0.13574369040107911    
0.23616971759957023     0.4359010942766107      
0.2926625058181852      -0.3920466100789203     
-0.46115436147310707    -0.28056989811368294    
-0.2687075043564457     0.49677063508149794     
-0.24436403394218079    -0.3849358114960945     
-0.4916297743728487     -0.025175391474641443   
-0.3857225708696939     -0.2355373912556802     
0.4877025529850852      -0.13444050142128672    
-0.3695276288844473     -0.209943440612499      
0.29111444363905614     -0.49897198202835646    
0.4555255101627066      0.16403960307274426     
-0.44875117892625477    0.08203916175228683     
0.2638751564420191      -0.16420536493990823    
0.40909144941183545     -0.37921238000299284    
-0.24415100646621024    -0.3154243363147799     
-0.2832970174401811     0.49072696894438145     
-0.4928764427420954     -0.16495028520312416    
-0.1853966305473307     0.34990206501864185     
-0.4385403380055319     0.39655901894171136     
-0.3439013334294213     -0.27845104222761485    
0.4664892780760722      -0.4794119798968659     
-0.4325183247205101     0.44094482515411265     
0.042262511354915516    -0.296139136194514      
-0.48889523625097736    0.07790756608775322     
0.09223841042958926     -0.46415100742630366    
0.46406176585226067     0.4857400326506676      
0.3979984186621038      -0.4647600584530264     
0.39813558392988796     -0.4326958320355899     
0.4837558079971765      -0.17277933401932516    
-0.4850421736054322     -0.17039538811573646    
0.18439738898295563     0.3537842844155651      
0.3053901229217853      -0.43767026318168645    
0.10352449739341059     0.5080275537666954      
0.3583128235864564      -0.49355379471048044    
-0.012729650831791714   0.3270831212588514      
-0.33592689220908534    0.49065734668834515     
-0.2892288899969617     0.4547794739837418      
0.49689772714559255     0.4357720495141913      
-0.5002386934152401     0.39475137254047155     
-0.3213778921395627     0.4035520604668876      
0.49213944310119634     0.3249011229807087      
-0.12117538789252495    0.4212369312155483      
-0.29555840513794807    0.5005061450406344      
0.004086533780649646    -0.0003020478461040382  
0.5012448270986425      -0.45050429893350363    
0.12577845719596548     -0.3650715394762816     
0.030263308950591317    -0.24433774959792767    
0.12336458789115162     0.4514094657858476      
0.28563717666593663     0.4676043443889192      
0.4864950943249297      0.4950902111788839      
0.26310546422993225     0.3573549755958259      
-0.18074786150379302    -0.11683459372048068    
-0.49956222524182653    0.5081722431772816      
0.5025734760348886      0.30301831881470687     
-0.40527816927134136    -0.3894288967574173     
-0.41312113454271593    -0.41671520978052645    
-0.3538522711466035     -0.3794749383084158     
-0.25315226255622464    0.4072752414858763      
0.20965996875805049     -0.19739959247865665    
0.48550287616613014     0.2307978462371511      
-0.49467083646721943    -0.331867837562632      
-0.4686095791469219     0.1372801468139419      
-0.28491533524337087    -0.49879513053343244    
0.22413945636604093     -0.18714898392403806    
-0.4906939561065412     -0.4036453018081927     
-0.5002244309967561     -0.3995462474763761     
-0.3712756673888412     0.23397772924641336     
-0.4061014269873582     0.1702596132870316      
0.29334117801624743     0.20722344198772283     
0.3245258876822954      0.467656670678195       
-0.3391587444453977     0.46647044728156195     
0.2721114302278868      -0.4911675886289138     
0.14212806582517848     0.05928487194174417     
-0.4839385923151078     -0.41008459233827427    
0.23889857363053404     0.428972588688956       
-0.1843345892833911     -0.14562426631682565    
-0.2824663012390201     0.07952361934478124     
0.2119248463472144      0.02231862709927496     
-0.3080951648740423     0.001638249527240335    
-0.39450675118710027    0.2374548988679176      
0.4865168403440533      0.49043895168916474     
-0.0528314157929578     -0.35283160342115305    
-0.38427972971488783    -0.04400265409635853    
0.4305668640128764      -0.24209688454490957    
0.25901429435314854     -0.32978733611794003    
0.5037182628709758      -0.434837120888653      
0.49977489977885514     0.2829593731195751      
-0.044683441435763825   -0.34705305487705285    
-0.3905972969692012     0.08074048691297808     
0.4830348159212086      0.3576163952179961      
-0.23609371195372933    -0.010968594093251006   
0.37233457181610075     -0.15193097495210042    
-0.4982137314426942     0.1512943471907137      
0.17509098161598718     0.08052806620105656     
-0.40055212026048254    0.15846128781405863     
0.21508240722568367     -0.24736465996253315    
0.42550984075218173     0.4874004158299638      
-0.34864272275861524    0.13842691345308716     
0.15329301598980846     -0.04013448024052523    
-0.1280111048737163     0.49500666915273694     
-0.4310826753801755     -0.49728031771406345    
-0.1993694001039444     -0.17422874867467225    
0.49027436687100834     -0.12818727912010774    
-0.05030902422709549    0.05166276201949857     
0.5016781134434607      0.01591669202463675     
-0.37784196221962923    0.467494965392005       
-0.29331618737553095    0.25843965093192267     
0.27467893994367687     0.4987779024608427      
0.034834676208217986    0.15018434909895262     
0.07620401564503125     0.4746100603062891      
0.16885355214563877     -0.3299277687735255     
0.5020782307057866      0.05346376338796265     
-0.2582067522336772     0.4986558006187648      
0.4476140165754859      -0.41933649829843295    
0.46133722011407946     0.07333438977642306     
0.2345845181887948      0.1729246387470848      
-0.09321307608496737    -0.5035672138779718     
0.42980547921387546     0.0861466322239223      
0.0013900101970520018   -0.16717440267310335    
0.08082572252793364     -0.33872886546035996    
-0.48671114380411745    -0.186947891448943      
-0.4422072009007246     0.1276594584743066      
0.007951119130770784    -0.405294228340527      
0.2859252235883716      -0.49337056771470794    
0.023523806332475108    -0.09653288574597073    
0.49143103296146345     -0.40529659758966163    
0.3809343540442134      -0.49716482501660453    
-0.10119058325276743    0.18261835582546138     
0.04836183368799362     0.35303025037484775     
0.2164474284926263      -0.4298143752588185     
-0.11190290805586033    -0.09729555360561166    
0.4302911607963562      -0.4950861412650706     
-0.48794564015942304    -0.4187285758329168     
-0.3716701098193352     0.09238306827514131     
-0.07950935721118128    0.4110735319153779      
0.2953095963383695      0.12444938273407433     
-0.2520475015386715     0.13230942094087195     
0.24858011139409583     0.4925173215391194      
-0.49305503928629774    -0.46344782845084725    
0.4316336525372191      0.3680146027698394      
0.23136727548700423     -0.4103177263105965     
0.16052418968248852     -0.351566840748646      
-0.12607000967981405    -0.44922653080829295    
0.26604296941644057     0.04231123722769044     
0.3857208200984476      0.2501208806181062      
-0.3171094166944948     -0.10262483605571295    
0.4952663207956571      -0.2895283550336561     
-0.17995477994182865    -0.01783545789684048    
-0.3104518434515928     0.47272290890585256     
-0.062092106499126665   0.20732875549394683     
-0.3498357795780141     -0.08490760467695874    
0.2593210257836694      0.10310747736570011     
-0.1624272121288882     0.43189699392261544     
-0.048373021073527964   -0.2573750263314748     
-0.44710386829618676    0.24222919828292602     
-0.4853618979354861     0.4512881118354833      
-0.0887498263976422     0.019944508535366785    
-0.3834556378459928     0.42724787788156937     
0.4165033413247666      0.482494831125157       
-0.025216105388315566   0.47503713101225525     
0.21027501317209193     0.4737180335587127      
0.33820901711468343     -0.4874230202773041     
0.4083885476419989      0.07659323586224373     
-0.36873328717269227    0.49788905931363425     
0.4503173408750379      0.19966204682483893     
0.46209371311538155     0.1952963503457481      
-0.3151122346197184     0.07002474390836504     
-0.12069083450672553    0.14684482915177988     
0.3435544424352696      0.34718755463217293     
-0.4121346788148784     0.47186355572479155     
0.2761700391864573      -0.23780326172740185    
0.30845620387035716     0.33115628850772316     
0.4395563903141954      0.47976919162570286     
0.502864869893615       0.3855355020210969      
0.16397563924960765     -0.05860546633240718    
0.3938081481613205      -0.47249244202619745    
0.48192637275392125     -0.4688406118668738     
-0.23534444052049078    0.34144299217130547     
0.34445654617199306     0.44967934471327164     
-0.14484343738816688    -0.38290754183294545    
-0.47751300046211714    -0.4932797079040418     
-0.49248699881527225    -0.39696794321003165    
0.49539967676177143     0.03248162093625591     
-0.49589196532770125    0.0032616933817354943   
-0.34666458068137473    0.31852774499598024     
0.44157072516420925     0.13533711033060014     
-0.5008825983803816     -0.10478961064683831    
-0.4105609852897852     0.3894678871602261      
-0.09953199171733974    -0.48127071785811504    
0.47374524800798523     0.09282323621981685     
-0.1598374303100158     -0.08664590857135229    
-0.22757491809818325    -0.4875351616466265     
0.20251728825186033     0.437189473219519       
0.42624486922494764     -0.4626518897769022     
-0.40432756110202744    0.4106056944588129      
-0.27924859830118015    0.0017587742260677496   
-0.026836206803357684   -0.002697894573378979   
0.47915256665893413     -0.5035227351337452     
-0.2521176817344782     -0.03644301008137404    
-0.3342389059668575     0.48765935728082765     
-0.4187109337853186     -0.36610248556998837    
-0.1232204566914995     0.39528145195454334     
0.46606666093457616     0.46261409397557846     
-0.34797319115855335    0.4432685905845511      
0.35703987464381093     0.4163873278902049      
-0.3742410581651502     0.24329240562495522     
0.48641912081415384     -0.4512009462523359     
0.3907033213196021      0.11079349587065153     
-0.3193179983728068     0.13580043120301544     
0.3863382101829497      -0.29014574763258855    
-0.4943816068281462     0.4259676863117618      
-0.4889481818802771     0.45933921414484763     
0.4543626338336761      -0.25838807588590423    
0.39102761388736634     0.46942430005977276     
0.4985399611857448      0.06157505967571911     
-0.48135951750510997    0.32201441642927897     
0.26079541447585386     -0.20154610642636633    
-0.32732016517629287    0.46541618572033105     
0.12676502394959796     0.2758782078924561      
0.27278544496436435     0.25727062341591783     
0.2485265902815305      0.24361479742060757     
0.30883537819145646     0.45094465676440204     
0.4698346853851606      0.14420139531461496     
0.168688610058875       0.30745587822250936     
-0.445708543526827      0.1374906095181033      
0.4909531701234585      0.40849018084533095     
-0.4658267293077304     0.039584966899831084    
0.12480695104804403     -0.22971591181145337    
-0.09760707845324777    0.4555315726965379      
-0.1318595034925006     0.4043960495896006      
0.3805779932330407      0.48146797716309875     
0.03279503636271373     0.46330787921667654     
0.49862207559752736     0.3727755587877115      
-0.39512141300525394    0.35869273533677015     
-0.5022178816897888     -0.4526419581760005     
-0.07620179330969303    0.06853401145797584     
-0.17503283678554538    -0.4678204231610514     
0.2890597423134377      -0.17514557713989873    
0.4414875427109134      0.30126767654579106     
-0.43378157627855435    0.39592155787854727     
0.29047750673159894     -0.38245590745015895    
-0.37345387557650345    -0.4289246963334594     
-0.36615345023318574    0.49110346860300613     
0.4908870562088747      -0.46035980436293666    
0.2530596134320389      -0.29014935061106606    
-0.408046185702974      0.4639443226456354      
-0.47425594351427       0.47549197887523836     
0.33350428619883327     0.4835574985751795      
-0.28788293771516876    0.21070521256895888     
0.45718530676312213     -0.008635804366572478   
-0.48383121900941256    -0.4849193654792428     
0.4789488961084958      0.04643227694345445     
-0.4234351201469038     -0.47119144388261086    
-0.10898645729150848    0.4949892951692247      
0.43464554688782164     -0.018685510003199988   
-0.4560112950374878     -0.28632844081747527    
0.03780775608756586     0.404593627296981       
0.4056362618565409      -0.13009326599635865    
0.48991663122331297     0.47526799675883435     
0.4426764678846118      -0.4887558814160335     
-0.4260294229315192     0.5024455560802029      
0.2370622104201883      -0.4827544094189675     
0.2844019681261271      -0.16777806776967594    
0.4987722419607943      0.5049124126101877      
0.4957180995419819      0.33459435945239513     
0.10989985119066367     0.28372572989066774     
-0.21767957006801625    -0.39167987929222753    
0.33709880733844433     0.4815906793499336      
0.46192995231551737     0.19311454785932858     
-0.063768565867457      0.45298898519958397     
0.07727425255816744     0.34988411823446774     
0.41985554097901134     0.10132714928433423     
-0.10237228471202263    0.4134920507418602      
-0.4447432082794433     -0.34038000971416477    
0.07044974779770269     0.19869039224790058     
0.22991849212323626     0.30878059718929174     
0.4178502633968332      0.4319852064268392      
0.3360211238885127      0.4374757947841748      
-0.47282938349823994    0.45753130652755064     
0.5046278356512316      -0.4456322042379028     
0.3184247240937659      -0.2987905480813452     
0.4714049297182882      -0.3692043142120854     
0.4397561847789831      -0.4720882456650053     
0.3338809991187416      0.38754134164713216     
-0.0002394033510976036  0.2038895047404981      
0.40783168064037534     -0.41795573257803814    
-0.02143539686521547    -0.41627171463091384    
-0.23619663656875228    0.1396794695264534      
0.12604493735295136     -0.43290094276443236    
-0.43947071472667953    -0.27215832191119405    
0.44943421144718215     -0.05650772538212667    
-0.13761773209652672    -0.3812135167726459     
0.1802951072993412      0.27786885367202246     
0.43341088500343583     0.46290421671422294     
0.4870405250316704      -0.22648756765303735    
-0.27230771693272154    0.4444279345458625      
0.12752864177926956     -0.07147454002003693    
-0.2227321314479301     -0.29090608761472314    
0.2830017705216093      0.11196123770535676     
-0.050875293674667546   0.4650966228171567      
-0.19765832767077252    0.2918462335440746      
-0.10081762524687606    0.3548303442566527      
0.44286119452858014     -0.4573428110050325     
0.4022914193034246      -0.2430590912632092     
-0.4863829017764974     -0.30374985001490995    
0.11269179864920145     -0.48729031166938774    
-0.2026475985333574     0.27676791477996965     
0.47087521781143554     -0.027987335524774587   
-0.3677759005639224     0.21929326210304254     
-0.4617173211241875     0.22697723212441506     
-0.4882933492692738     0.015464623314457932    
0.3919048032282336      0.18562227825331065     
-0.4596877255375467     0.0806564711656695      
-0.5010627769866749     -0.4850221955567964     
-0.3501526774167635     0.4292887772975547      
-0.4958226405493934     0.4800164153751757      
-0.17182997069819456    -0.06901265062703918    
-0.03014785577080148    -0.38406103970488475    
-0.1063589684112155     -0.31533948732639744    
-0.4137075845858866     -0.47755298997119244    
0.11243320325730297     -0.33396588424431306    
-0.1071922825569757     -0.471005651651702      
-0.38586442434586604    -0.485831907665407      
-0.40846046916827966    -0.4931251928942599     
0.44361500094874945     0.3193027797498967      
-0.3224643448872121     -0.22542554402649295    
0.19389297538361103     -0.3758782613308401     
0.25187717627336165     0.48911287432445905     
-0.1476322747342257     0.3621691240148325      
0.3686758446426425      0.3156492863199652      
0.2676718838157775      0.4159896687094585      
0.3929293208589935      -0.42672618295695997    
-0.464713826642001      0.4480782563341826      
-0.18012154443993916    -0.4239206877682474     
0.49015663832433964     0.0009147539401513766   
0.07366308850834279     -0.27760509498683794    
0.22029451044507353     0.05332565038932653     
0.13379295084665754     0.4745550373942319      
0.25736561958259874     -0.09075986978764539    
0.19407027740867322     0.5014264921755277      
-0.4602890530553748     0.2513740187317661      
0.22300398458298323     -0.32101338449571115    
0.49822898822616185     0.09295412889578888     
-0.08834926496489219    0.22841493783902625     
-0.10006892609972488    -0.2206267732298758     
-0.10342647247026915    0.36725651550836963     
-0.3988684809772659     -0.12650752662443263    
0.4889125668110269      -0.3295427035410548     
-0.45077703398738195    0.4941039066884702      
0.4949588288513735      0.4567726800796183      
-0.3747787051660609     0.5020560377979496      
-0.040533537979156126   0.4572848418764109      
0.45544429147333726     -0.09789613989992932    
0.17769536761493693     0.25561003643741403     
-0.40964433362990216    0.18619963829320063     
0.1107800565651869      -0.49598527502956985    
0.08348078877395262     -0.4991957314499815     
-0.18643819879874227    -0.33507721837306825    
0.20289195214961878     -0.4250640474679957     
-0.43475940871907653    0.11351611817927168     
-0.303580531619423      0.03477217574839367     
0.5025406025046456      -0.46503254398122107    
0.39999848405969435     0.4765181488479562      
0.4779800771266007      0.24155993920628854     
-0.23123621806798283    -0.05920278799158429    
-0.15274582054704294    -0.3257655054828751     
-0.4681036675902957     0.4948055468868362      
-0.1481026227238378     -0.494746754141721      
-0.07307747990360697    -0.4564854662641945     
-0.2662666109770747     -0.07197001008539237    
0.5052664137948951      0.08619394044215761     
0.23882340229898644     -0.07731809877266506    
0.3582903917944694      0.4764893608781283      
-0.35113814659272286    0.22291890575865145     
-0.0005305570728352947  0.086441246032575       
0.15918396012772665     -0.3398914316505916     
0.2529311903225677      0.06648585774875652     
0.3675462250474773      -0.425675842881968      
0.17937558660354513     -0.43650931925077774    
-0.495220530482497      -0.447683428668795      
-0.3963789564489493     -0.19108440504752852    
-0.3729500072335921     0.4433439885176247      
-0.49623602326758154    -0.4668008142034886     
0.4822965853642166      -0.13362066848922396    
-0.49149512429717906    0.4887791967094863      
0.4773920693186146      0.45214364052511713     
0.46307763443645616     -0.3404798862895577     
-0.43245998975532485    0.1684039957846133      
0.09866296732196933     0.318729591417671       
-0.1915877796734613     0.034623727624622305    
0.17570518321369197     0.39391928524963926     
-0.41078669008584145    -0.0034425891233397796  
0.4721445139896501      -0.49364083477309084    
-0.2499398964698713     0.46353731572411777     
-0.053000394088284684   -0.001993884975541256   
-0.42833550992811487    0.013201088035074693    
0.0779587916250204      -0.3874019267527074     
-0.48675216194055854    0.09199834058645619     
0.4905883214638178      0.4749184453682844      
0.2594953329630577      0.49623882846455575     
-0.4908267935619204     0.3990952576666046      
-0.48292707572549554    0.1661789940361945      
-0.26888569306247323    0.14771791412482285     
-0.4455117866858199     -0.05885718241522129    
0.1395387524924448      0.3247733126846255      
0.46249422762616993     -0.22055883214440547    
-0.025991442992779883   -0.4396786053275254     
-0.4725388942939538     -0.48444329504463024    
-0.25841986616852514    -0.4067852405469389     
-0.39630531138833014    0.17534751109708915     
0.0012020161460206773   -0.3366664833512779     
0.40459961801081745     -0.4967649846180307     
-0.23108002754242965    -0.2191790104224151     
-0.2111880896976123     0.3487795685002828      
-0.20625529538628018    -0.044450884614913394   
0.48591570724266603     -0.2534336967291413     
-0.47856318495490446    -0.19798470421206746    
0.3083610629357112      -0.39552406783717875    
-0.45792396397097107    -0.49064548778967365    
-0.4342198589558288     0.46743174599848214     
-0.20247732073157385    0.2829561044267661      
0.06736259154795807     -0.1569413926989187     
0.22452459115148835     -0.20654818351441387    
-0.21673858599473675    -0.4859988242539868     
0.3491865273349674      -0.26135989296315926    
-0.08342352342069259    0.38966400859535383     
-0.30239315602818406    -0.3319437956900208     
0.32973570586303874     0.08372905042847016     
0.2666498273582274      0.31203467680108815     
0.39840634017239507     0.10149801146538187     
0.17296483971883425     0.468848663498432       
-0.3471127282349086     -0.21723880778649388    
0.2727550879596831      0.32363523171704406     
-0.0630842191295165     0.4495222432095963      
-0.2573196918861254     -0.4392110260459422     
0.16582277199970358     0.15079192735951874     
0.18950049715249065     0.22141143353793305     
-0.06864125798601035    -0.10972950385644899    
0.17759401671497527     -0.025894408229349047   
-0.4926258125332134     0.4978260332969491      
0.33379127893217525     -0.31753466399072655    
0.0025375435354156174   -0.4836673672060882     
-0.2897185149813583     -0.3498782788668239     
-0.43896310744892897    0.436766691140775       
0.5008106473420592      -0.32139083524129775    
-0.25278498349173034    0.5010622982407258      
-0.291510841649061      -0.01777915418108839    
0.496388964904199       0.0977063599381113      
0.03154464484662313     -0.47263969826013724    
-0.4801869335817962     0.0035340711947289736   
-0.038830710548377806   -0.06000847743070362    
-0.444458597516537      -0.44451291404097415    
-0.12165432268210073    -0.5009075736911363     
0.32546813801305113     0.461927824995835       
-0.05972997876776277    -0.48454500868305445    
0.4855358667022229      -0.4986606275725777     
0.37860973034843864     -0.3326828269690145     
0.1465610364934696      -0.40381311338883646    
0.3742317973360868      -0.4287180740170464     
0.49625343888158796     -0.4266070320503301     
-0.4778544173740465     0.44177909866398707     
0.22460564364461216     -0.047312804728457725   
-0.3973110100813541     0.1339815593771795      
0.4772102922590737      0.49811577134043417     
-0.3226810266401054     -0.4611611412013985     
0.18622794222152975     -0.34043767281745985    
0.4645165745494248      -0.5001542028761934     
-0.14218048188156607    0.3298402845924425      
0.4810519481841108      0.429139018851081       
-0.05616101904798388    -0.47536736873975904    
-0.4974638096001578     -0.41709213952348045    
-0.165556091312244      0.45833179520263534     
0.5045643944413244      0.20802778222736848     
0.32271758678885043     -0.31355082827241115    
-0.09193566410964052    -0.4907187436075597     
-0.49055571202167264    -0.4498269130735279     
-0.46589592937660385    0.2472020176241754      
-0.4432225225143022     -0.4859999808263969     
0.38673842037264444     0.2837248637565472      
-0.4436992523438236     -0.467610366998182      
0.14790810184195868     0.12838150500087478     
0.40880102387489414     0.40856213918082035     
0.06872126020180597     -0.19696032369622815    
-0.4134123185188239     0.4956921726941491      
-0.2935014332349617     -0.14943475700119574    
0.10183900845848393     -0.27200043840835675    
-0.0969708878322263     -0.5010756602352636     
0.0977301778741254      0.32541697201552505     
-0.5038971810390805     -0.03072208912278064    
0.49125952220580216     -0.1176363799564786     
-0.2891355557946927     0.4373766783018935      
0.2314536663260612      -0.2882723409446341     
-0.4131667848871575     0.487359909980697       
0.44777855598703503     0.060243511008919594    
0.21156100713806955     -0.5047630674557925     
-0.2844976654615622     0.23578656556876934     
-0.29573564830047355    -0.3897214014467137     
0.46269084917880504     -0.07820148085756819    
-0.2672598277098667     0.29980927657609024     
-0.2755585733596973     0.1639950641552853      
0.47249203338468887     -0.16903340329932426    
-0.4984283727779719     0.4967208836951556      
0.19232816704007716     0.3609414821391989      
-0.38046975681186673    0.476801857760928       
-0.36293657264376716    0.47446764564317917     
-0.49143038173058834    0.032297791449363       
-0.4889231113883177     -0.45708710683432346    
0.034003619750813556    0.502103311463855       
0.10220112474566978     -0.2982265749243083     
0.2797594001308709      0.4224351489066708      
0.09377421773874056     0.02812349127524839     
0.5079799997824106      -0.14612158252041718    
0.3598491604641607      -0.26212355970694295    
-0.21076427608819878    -0.1854474416396442     
-0.3683700871093068     0.4498348045442299      
0.27752805657146257     -0.41763402739024846    
-0.16679416430993846    0.3550808347409978      
0.4910019882282936      -0.4477649295814005     
-0.07720778834207202    -0.03824258311499961    
0.10011759851051642     -0.44894649303626155    
0.45068970897136196     0.11670057203349997     
0.5034939191733432      -0.10606151160681182    
-0.24838118408151857    0.4334728239002282      
-0.4051889237119537     -0.29976934595089594    
0.4398568694853294      0.42564634165426        
-0.24699266004279127    -0.0727259395357325     
-0.30587182181590766    0.49642452439028595     
0.5013531473283561      -0.38810571199861454    
-0.37100499146063776    -0.20852390145045321    
-0.5005712030782443     -0.06336047597924202    
-0.3768543523482326     -0.346771223912637      
0.37452657625427593     0.26190363475041234     
-0.3687283426866105     -0.37513181636688486    
-0.2727669387679803     -0.4856785633592224     
0.20301625911387744     0.08191998434007675     
0.2536062472275714      -0.020753493897237848   
0.46083684209489756     0.17692118859250838     
0.475600065693456       -0.449249080251894      
0.3991862687068188      0.37651047199076476     
-0.4015408981599236     -0.34005265535008117    
0.4799058130705092      0.26994848259850535     
-0.27400061513337004    0.1792688590288136      
-0.08560842871449767    0.09978811633020221     
-0.09486778345840971    -0.20062039777330498    
0.2498307995745413      0.015643906662348238    
0.351763327552752       -0.262279437878949      
0.35498592711418847     -0.4549049035997807     
0.32494716593196554     -0.008974581929819982   
-0.3105707975057859     0.49047343952561917     
0.19451328900905054     0.44835129434470994     
-0.4753578967547619     -0.358342927150191      
0.443277793986388       0.01034709736313272     
-0.24479418777184506    -0.3882761498226604     
0.09486094782091632     0.4413995474012333      
-0.4948868372611808     0.47319620062816        
-0.43357416695896733    -0.26493660476287556    
0.38777535378744055     0.48012461251589533     
0.47806063373617375     -0.28970502385089875    
0.49398161425135156     -0.3311045842513101     
0.008228745773887394    0.3046105624883678      
0.4608445126723186      -0.13224760821564144    
-0.48379596988868384    -0.3558834538203505     
0.1442827936660519      0.4431778484366646      
0.0630002779474626      0.3209446405113232      
0.4832025484806944      -0.14131797901506174    
-0.3612766725653557     0.19304170839689969     
0.11008284015978594     0.017310148376605834    
0.23604156544897564     -0.1460876279421363     
0.38919948702780427     -0.21912424682756937    
-0.1816363999667297     -0.44850159821882574    
-0.46047122465608137    0.47006465510349893     
0.494379956482403       0.4228084804596008      
0.18749529765771034     0.010763593183402325    
-0.27310991816419694    -0.46150669918074105    
0.04427660278954267     -0.459736857886584      
-0.4879881425486105     0.10808798065769251     
0.48525303728218905     0.49517522255195656     
-0.27523130874764445    0.37128569682634766     
0.4603359425769663      0.0792832896077564      
-0.5053025970664992     0.20576825841697566     
-0.5061822427977312     -0.49316244526492564    
-0.37690586049789204    -0.3244400371590067     
-0.21701585852902494    0.458073121781215       
-0.5024872147561064     -0.4566499025109922     
0.34054459959224637     0.4933567231052738      
-0.4459666641461633     0.484299290191607       
0.3212035524928048      0.23266155736815192     
-0.1508601420128687     0.05547991303493136     
0.23501681497455343     -0.4139873557559397     
0.40389214712352833     -0.31224313224133277    
-0.39699396300600787    0.11911172296139792     
0.48350525364049096     0.49719249971616786     
-0.4053775255338717     0.2878596962940788      
0.21403698625785345     -0.3780553706635162     
0.4893530137321373      0.4039216356841464      
-0.2926393462987291     0.39133062994714424     
0.4954417713957932      -0.10330629145422664    
0.49127529167792866     -0.18624557088863417    
-0.23773833352170345    -0.17191087312384512    
-0.14813765555429598    0.4794223953903993      
-0.49824126802553487    0.043513286260802246    
0.4667313909121313      0.3585450543732777      
0.13943684770495657     0.09184020095924597     
-0.046262038578213795   0.4492509723398597      
-0.4156219973084214     0.3188398532574586      
-0.4564626223633692     -0.4754550177875359     
0.2849461519306638      -0.06657678393980869    
-0.49732901138007746    0.009717617127711397    
0.3175301134707731      0.3998787033265387      
-0.45697950684859634    -0.17606490959767682    
0.41183018791262205     -0.03352184898947197    
0.4819267422467925      -0.3209466795392793     
-0.36286393076581624    0.12621759189356316     
-0.03947809611157866    0.45573394163034786     
0.4500667556870918      -0.3084023978802842     
-0.3081758440023102     -0.09552016908248122    
-0.27275687742505966    -0.32771524498617366    
0.3779724090347818      0.3549254305481784      
0.33338479508182733     -0.4239748791242752     
-0.4898966881256742     -0.2808211283523114     
-0.373363673215976      -0.1341938942926586     
-0.4211348423727976     -0.41295375554087177    
-0.4258710455505591     0.4979240099967079      
-0.11056981562101463    0.05971954106148341     
-0.22759404833761618    0.0022397917333729415   
-0.32555736336050156    -0.36913305346730196    
-0.4664746026748618     0.13473553242976039     
-0.3508156238106806     0.3691937592883977      
0.030085368710942514    -0.44407462826971733    
-0.49938737841610775    0.49376312232036085     
0.4661745035669695      -0.4644532020490741     
-0.49571215122265583    -0.20743848020160516    
-0.3858500012577646     -0.05564709747688432    
0.4562059546893415      0.26245036442328024     
0.38985921257862394     -0.435221880319828      
0.00966948657539337     0.15289343659371762     
-0.4123576347369296     -0.243995162756461      
0.4897493181685912      -0.21196859681113514    
0.41347948310453014     0.08560485953816048     
0.22356948045444675     -0.22455688136328839    
0.49724716294468435     -0.42753982588779227    
0.0538711279617384      0.03250212995809351     
0.18856886713854512     0.45302044550221815     
-0.3520809380771263     0.24818714712442802     
0.4445526781299291      -0.4860508201404423     
0.3869696719709368      0.3107040988752588      
0.42917768184220884     -0.04193643822216496    
-0.4088520128659219     0.41938534149468576     
0.2792279899301809      -0.4291570074693347     
-0.1146947981612755     0.3796307784025948      
0.13417263141906127     0.4987876561829968      
-0.49903981753378923    0.4673634828157478      
-0.3934322131286005     0.0546233895451821      
-0.4607595295576202     0.10137719012525816     
0.43034264363603797     0.16157028773774532     
0.3778401398595756      -0.054440817746152836   
-0.05533289634705688    -0.1707304034939309     
-0.49744208919888233    -0.02182052622945531    
-0.40596746678711526    -0.4987933603208613     
-0.47235376189827305    0.2415631519961866      
-0.4137021544184394     -0.34300328930098706    
0.461794834935784       -0.11875394635796525    
0.04152186912813476     0.49426072525678694     
0.48215581810334        0.5069721022566944      
-0.4293089732379953     -0.2377058597578972     
-0.40236554233896965    -0.49549331190372004    
0.44394474152727553     0.3532412655797745      
-0.4234519972727602     -0.2499813289402089     
0.31933008501562227     0.016871404188759095    
0.04648870603069077     -0.2925195682487632     
-0.4386130785249774     -0.32929024824216174    
-0.49795021247881843    -0.4616680687433274     
0.4969638833520745      -0.37662978529571656    
0.4836629219876424      0.002059802566647326    
0.22066926641062895     -0.24055663277900913    
0.28603987065719055     -0.4923527443154743     
0.1287319528256449      0.0011699239076276451   
0.22403807466952583     -0.48162355362420034    
-0.48311686661334946    0.46690572698813954     
-0.48666521298287996    -0.2164754261121831     
-0.5041450440241322     -0.10816066456746194    
0.03432639209665551     -0.07654331161246576    
-0.4356264397406281     -0.06783611343046961    
0.09047488582593069     0.2856860033785042      
0.15565516801019624     0.1766359191634026      
0.2741787176698552      -0.48148395250731807    
0.43832474516305914     0.2991859019941398      
-0.1478460066767016     -0.0353359739655576     
0.39212134827249534     0.38682190100960157     
0.26847679649856004     -0.27389104149349913    
-0.4320658576521314     -0.11851210075802608    
-0.1806001631177559     -0.19855801378155194    
-0.32881251532326117    0.19243135376188653     
0.4975971913244494      0.14811377059680786     
0.2495195349651793      -0.007711990138901591   
0.501218606735015       -0.1367998739111913     
0.3780470547070959      0.31382247850637196     
0.4929825797915752      0.16504537749380202     
0.4907638015757514      0.07175995173165844     
-0.49398664418094074    -0.13248041743553718    
0.09749603238753499     -0.3782717696282841     
-0.22181406369086876    0.3166009767209362      
-0.33951773685809067    0.4545841001644504      
0.38191735879821626     0.5027518780649096      
0.03866858633323291     -0.3675286651462349     
0.38242882370486636     0.18110851749842538     
0.31098707385993696     -0.24143356803447633    
-0.046605522392973955   0.2351247192401232      
-0.38767864156779214    -0.00019307704417054474 
0.3003146015731033      0.06653018521453878     
-0.5008450905107854     0.29317911159887644     
0.4908480657980377      0.4850119246442375      
-0.011574459775253825   0.09650507677567621     
-0.21884702191562863    -0.40911965399774625    
-0.3293393967481413     0.46432508170678305     
0.4365486398943481      -0.3019160276835424     
-0.001321733643224782   -0.39072604223645513    
-0.40603715041691607    0.07264853906168843     
0.4751578049915115      -0.3633228062958148     
0.3642098639618021      0.3558398337976953      
-0.49962527228356707    0.4930711782780441      
0.22566091557951534     0.032579699680982614    
0.20416804229836627     -0.23377118170447672    
0.14392748569578692     0.45160913601215724     
0.15006279933041536     0.44031208913209        
0.17001396684368433     0.36800756028223264     
-0.47932414151773794    -0.0232120178230372     
0.3774166311005335      -0.47924796968781674    
-0.42934903184693896    0.46101351487700015     
-0.5057735717374207     0.48492451453062474     
0.24532923298064713     0.4279764701343955      
0.47580242053957444     -0.12100000293884548    
-0.12565965503693424    0.11410647915936112     
0.16014643505923737     0.4117120025730923      
0.3902236053134442      0.44743776636474425     
0.3701105098698246      0.44817060062930364     
0.17430281656910881     0.3787587920798566      
-0.4338640520412326     0.3968745433619805      
-0.14808507868887488    0.49835731611790185     
-0.5058974517077428     0.35735600665148726     
-0.1796833625121375     -0.05794103479910789    
-0.3225696739537978     -0.49713340127096367    
0.3140788155104639      0.4943837032325733      
-0.46343352371212493    0.07302379794290716     
-0.49245800555898794    -0.2507074708731276     
-0.48165515560132854    0.3439259448265248      
-0.4462836853439757     -0.2530774504990156     
-0.21471904528833832    -0.21079347521534916    
-0.5033811234524198     -0.16686678197043173    
-0.34844042308272277    0.33061842680093384     
0.4850497391440596      0.18176303466478066     
0.3494493624057701      0.3145968555652224      
0.38510104354403196     -0.21517424074796923    
0.4009621691391163      0.3214265610889984      
0.5055225089281419      -0.4463986656500063     
0.3297737590111738      -0.40108816916400797    
-0.29685338527559857    0.4853535321224928      
-0.056401263951957686   -0.03711270784670745    
0.33709538311611204     -0.3534757368899591     
0.44933747003468033     0.43047458534066796     
-0.21398268346527113    -0.31951113563852723    
0.09292493064488207     -0.4358170339053209     
0.1817107292865624      0.49948623399223635     
0.47910256982067057     -0.4945420695542017     
0.457329981388192       0.4899758848174901      
0.2466578033969482      -0.3606814066461505     
0.009072283823497026    0.30228704039680615     
0.4560637945276929      -0.413166686743754      
0.11910689875108896     0.4769561414247093      
-0.4803390454227138     -0.39430154271249424    
0.04971984079797831     0.20684740431407075     
0.45199953134350007     0.273634591498316       
-0.0833506692897024     0.35668207117750345     
0.4862683322306452      0.4895740161696651      
-0.2462626801338404     0.4574763970865256      
-0.4932807515586292     -0.4963057895006136     
-0.22044507320942183    0.1382013666977251      
-0.14221741804398405    0.3883301768117831      
0.13337622974746985     0.49345012768088337     
0.44383832324484346     -0.47470645038037534    
-0.47534807093693643    -0.31867324070636055    
0.31628242336009177     -0.44958744955595065    
-0.38504359792601633    -0.37423511567342643    
-0.3478587396246633     -0.04253370762514011    
0.4524803861678747      -0.48932010701553624    
-0.12631238580453022    -0.4299140983115257     
0.015144009887399189    0.3819182381402695      
0.4006892753606611      -0.47727774297636355    
-0.23167687030140463    0.24088727244579244     
-0.4980484750653209     0.14847939193362128     
-0.2341772523908824     -0.05287988672383456    
-0.37743358408575944    -0.12526305414812264    
0.047253096559946334    -0.19272440891556816    
0.35061864892780664     0.0889446453229195      
0.4865329752226864      0.25357141085849627     
-0.057790135434333895   0.4831266387924838      
-0.4501299563514965     -0.26489171097481706    
0.5016873447003628      0.3902210682517034      
0.47335516329862687     0.40516012874068735     
-0.06950778813102819    0.3718726725274251      
0.4781224325505602      0.3646220326733714      
-0.06431809041200882    0.022826676130669892    
-0.1387245351088406     0.15478242738385617     
-0.31588122043125516    -0.4974300565638124     
0.09393307988484084     -0.21929029142073078    
-0.22572876287974147    0.27819495092377566     
-0.18308080534916765    -0.36299945639180026    
-0.34006303694156725    -0.3119145377734487     
-0.1288031977798413     0.4358872690799022      
0.004356837407975719    -0.4942231116634317     
0.3289988640817549      -0.47289068244335936    
0.2312703309702511      -0.44233689050551794    
-0.44598303386833765    0.05515878833230721     
-0.22186372963315845    -0.21391406822414524    
0.4787527756704183      0.1690294280079454      
0.500597984551013       0.47633610118048847     
0.050913823690845385    0.48721932272165935     
0.0011645696475530763   0.011653595050539298    
0.4065845650716414      0.4130607151237185      
0.16758382276570133     -0.4935911184815882     
0.4312614515415988      0.4987220431544223      
0.30075025683828394     0.15572263041323586     
-0.440901425324686      -0.43143026344320695    
0.3529621081168256      -0.16013266198961418    
-0.42393839135489625    0.49094439361492714     
-0.498601354552929      -0.05621593385886357    
-0.17682751330416088    0.2705139735956673      
-0.44921899332979953    0.4781555851379736      
0.29627373754158204     0.4191496189141934      
-0.4221190439554621     -0.29397574074620736    
-0.09158897578024722    -0.4631631731820035     
-0.4355221155599006     -0.4955975065196035     
0.0547058387912097      0.13969648129458295     
-0.44601981315917394    0.287388419861757       
0.4625528161427907      0.03610950531577067     
-0.14612910028311776    0.45369911966942317     
0.5048328466874556      0.42594041743924893     
-0.4869945694345954     -0.4937872511475183     
-0.4881110787610817     0.38269967830034085     
0.21191239061837946     0.4999371947356334      
0.1456072927814824      0.4623686105273063      
0.46734459571596426     0.38628376255279184     
0.43405853778895476     0.39447578495713864     
-0.47970188592726415    -0.44503872669986433    
-0.2757502395442454     -0.36446999572370825    
0.43702396386914644     0.46238092663036495     
-0.49241739134537155    -0.4887682225112322     
0.0998434281082306      -0.40119749654862646    
0.20153756406198034     -0.15011687258139744    
0.46589397991416703     -0.10043581572414226    
0.361404784002163       -0.3901858492908556     
0.15601695378710004     0.2298979084386424      
0.4854888292203623      -0.4773519960538529     
-0.499199538979495      -0.4962283878667149     
-0.28657854498478824    -0.42562871577276823    
0.04482437753699052     -0.360040710935701      
-0.39740156083778966    -0.4725530691756537     
-0.3701046435200085     -0.4915362145498863     
0.15603993957582782     0.35235108134474186     
0.3922935060008912      0.4997605229480117      
-0.5020729426099779     -0.08466640107597796    
-0.49898357238264346    0.33866730574761017     
0.041491571827597024    -0.34157286893849537    
0.0826100336429398      -0.4938044765964151     
-0.3765864916235518     0.46524662526244515     
-0.3643787184035904     -0.4974708391440893     
-0.4831795733698588     0.47587387451305846     
-0.18263499211061848    0.48723805631809186     
0.4797100606459011      -0.35544366211438444    
-0.48774595324839515    -0.45251543150580575    
0.13952772228285326     0.3231364430931681      
-0.21366584475695616    -0.39301066699965426    
0.218406491890885       0.4926427343659208      
-0.15326527422818317    -0.2218684730893663     
0.4501443973727355      0.49360784668400454     
-0.34959299425988266    0.31486184720880567     
0.24934373856997397     -0.12015479435083991    
-0.47065997496686585    -0.29134318452585517    
0.30608230187167423     0.45520854680891515     
0.08487676250942515     0.05805592946177653     
0.4955521067314677      0.23630407147185398     
-0.39046508792075973    0.3091211273974217      
-0.41212986615806785    -0.41474065126564696    
-0.33975607801073526    -0.37515775866229806    
0.18463483609052023     -0.5009973856984847     
-0.49894412500377905    -0.4789046440598166     
0.4965678660667401      0.5055617657589004      
-0.105810495435053      -0.30557030533472       
0.13086037468480635     0.298746490512134       
0.201646522054307       -0.4882920481866267     
0.4567306020792605      -0.21322820109918156    
-0.4978005525654129     -0.3243821442838527     
-0.24386926435341114    -0.228761810801838      
-0.4652893115609088     0.17938249971947898     
-0.2816469538264465     0.49911632051881766     
-0.04502195978492647    0.39175365699435793     
0.09058339126255788     -0.2008906984224456     
0.005880724795281336    0.2457739634335469      
-0.16219732609603144    -0.4952702052590162     
0.09395706714232849     -0.26722691449000996    