0 10.392938371195724
1 10.147246426763974
2 10.538325894020204
3 11.570502466135032
4 12.11440959126948
5 11.520731973087251
6 12.412933816580903
7 11.382584887445827
8 10.347325729079873
9 9.396561412359562
10 8.435875085140067
11 8.318424045126235
12 6.886412923993658
13 5.375374286776092
14 5.445909246183875
15 5.700990811464072
16 4.362936660203373
17 4.31681704123824
18 5.170693303879375
19 5.449262566335792
20 6.019282864264312
21 6.844605189684108
22 6.96258973278001
23 7.023189588578855
24 7.409707410509385
25 6.621398774868028
26 6.54433172472689
27 5.962721511288452
28 5.641946115055755
29 5.765052468345553
30 4.0842098798901505
31 4.166302124722481
32 3.6152075043811913
33 3.2991751457700724
34 2.862906167109395
35 2.499041498783259
36 2.7598819685566744
37 3.883635759010579
38 4.302640953349017
39 3.8199317502401424
40 4.497424956422551
41 3.887629398016528
42 4.614980407444943
43 5.001738894964009
44 5.9266651164703585
45 4.525910730793013
46 4.628247793002398
47 5.093101077664453
48 3.4777018038852114
49 2.8874644211677896
50 1.0917382791423198
51 1.7223552250424115
52 0.5886583307107048
53 -0.06478939734317124
54 -0.8138777522630553
55 -1.0162774747839607
56 -0.68942722964895
57 0.15272860361634033
58 1.0342906966985528
59 0.9278769180928033
60 1.9386275659245413
61 2.4668408619876416
62 3.1744299910829934
63 3.7772510299449005
64 4.440156526938866
65 3.040909029503206
66 4.29877110269835
67 2.9402581593498507
68 2.3339078472686943
69 2.4372402909542044
70 0.7409440860631054
71 1.5509782829084284
72 0.30376637873694773
73 -0.1371487900631313
74 -2.0379208510869535
75 -1.1861362411099146
76 -1.3684764159150489
77 -2.076167182767297
78 -1.826268413554756
79 -0.34333355031611745
80 -0.6119862000745775
81 0.6496821925921639
82 0.8624455824942784
83 0.93904371546998
84 2.2950856245969136
85 2.258820940987104
86 1.2555495468486138
87 0.43337797712862414
88 0.6240541691002965
89 0.37947158447253726
90 0.509917660902726
91 0.6096167434314653
92 -1.0946882908431765
93 -0.6030994219596695
94 -1.1224005803578203
95 -0.9420773497613162
96 -1.8705657406727825
97 -1.0653899817713806
98 -0.9439672876115
99 -0.21682957343187848
100 0.6757753612363308
101 1.5096417081860858
102 0.8322264139179214
103 1.193876372384905
104 1.718008013640241
105 2.3481286733324875
106 2.47519171501843
107 1.4684961960364764
108 1.5076365404146037
109 -0.08864900780661433
110 -0.9159432586015746
111 -1.501797024787897
112 -2.4352982677009507
113 -1.5367001412723198
114 -2.7420637279830165
115 -2.3197789022501825
116 -2.0463687154806873
117 -1.7268068091745854
118 -2.151246857743163
119 0.5637230817024179
120 1.2106831513232135
121 0.6302394792558641
122 1.549601812476648
123 2.627893234114212
124 3.8392943970196907
125 4.241780822661775
126 2.806489548119837
127 3.221643496125667
128 3.319399294385512
129 1.9610664838768095
130 2.011665124527455
131 0.22246265921657282
132 0.4906655703015917
133 0.5077474101634845
134 0.3768639539301283
135 -1.6162684192439678
136 -0.9053522513017291
137 -1.1450007519638903
138 -0.27113646276682785
139 0.44113453739976094
140 0.13713436790131017
141 1.1794631524898758
142 3.048847563363039
143 2.859150030084076
144 3.039644640416164
145 3.8825329287578993
146 3.944478717166338
147 2.483353115219073
148 3.5919128131635913
149 3.5415869162467413
150 1.8318757684139175
151 2.700895655363344
152 1.4065552111801094
153 1.2447444571285762
154 1.9017685172171015
155 0.8973033960537595
156 2.276924252237645
157 3.152571018128747
158 3.326943453412074
159 3.456914151802281
160 4.125947821592776
161 5.426584798336555
162 5.591693446256059
163 5.0618947974403765
164 6.319388976426436
165 6.854687405786823
166 5.776312031372203
167 6.657134665593817
168 5.860165566051931
169 4.9698030199417795
170 4.753768924747505
171 2.8679715455051586
172 3.981316225250075
173 3.608082816125024
174 3.680337899408749
175 2.232743342180428
176 2.480088522489609
177 3.146958217593931
178 4.402134433313809
179 5.315645965298774
180 6.524436757461807
181 6.579454856128223
182 7.60742198965453
183 9.571161624537286
184 9.45144679981185
185 10.490395471805549
186 9.026258176900903
187 10.036110862240907
188 10.529326222264498
189 9.416677294263001
190 8.161710507728873
191 8.655839754917276
192 7.487240134032249
193 7.672786388075877
194 6.148460181310563
195 7.296800718702716
196 6.22234906917222
197 7.975474839226781
198 7.933416560672612
199 7.869116103088173