-0.9646707630764552
-1.5758046771517686
-2.370865634702841
-1.2138872465397434
0.3740467469652051
-0.44155548826301116
0.3349211364735546
0.4339506957894983
-0.49460778074585154
1.583533284792065
2.4978675488395528
2.901443878397301
2.675681108136394
3.3434768704238524
3.9926343971236755
1.8651475921086864
2.823971979106277
3.577304227581982
4.210735025247408
4.847217432848494
5.249397297286952
5.054337394672076
5.260344464417382
4.979467158546341
4.58829368873483
6.896315504694549
7.384627248909771
7.733294026306055
5.523697811349098
6.459173223711843
6.862095692892729
6.931010262748598
7.065234993924788
8.18449134895968
7.169761628674651
5.54090988528276
5.550074307698725
3.415309722279377
2.6335319551279577
3.4551842396093515
3.3419392095194107
3.26043076715118
5.241125303362625
6.928192136503289
5.804260779366818
6.399809193802967
5.998961346556904
5.368344141403529
6.04860428867069
5.044139613349712
7.884798109045466
8.402257481223097
8.513352299584929
9.03673123931065
10.234384602606063
10.760643418325026
10.769524470384551
10.316110685893841
10.437480583020328
10.451485374167993
9.877984945811514
10.251355699069823
12.448470353852258
12.184724729003701
12.022572147079115
13.388375391210733
13.643260296428947
13.091055492653494
12.865565009395379
13.916135226475458
15.46088541511034
15.293667493947035
13.986915217301648
14.21660506989513
14.600492391704128
13.351259442913323
12.926260538894532
11.878981564819588
11.006642795056875
10.667814162639846
9.828845827626438
8.397921812251893
9.089116969425453
9.945649123545282
11.78981509643002
12.73404060176925
12.438618927267296
12.762557499332493
12.291364377513705
12.288722699132821
13.39445582299263
14.365327868715637
13.631680749565007
13.974113380271584
14.52297473479825
14.680546319719687
15.041494180153284
16.762042789067138
20.088989586903214
20.869415167894832
21.489100445514648
23.264907216353443
22.247045493089427
23.032806169030785
23.855986175434843
24.550923208448868
26.121141672423242
26.977394504006597
26.589231874948194
27.320214536717252
28.465985813376996
28.722019465530984
28.38192835135403
29.252561702482126
29.318715461046974
28.441122341288487
27.538009551604812
28.86604334430143
28.16834322422656
28.34785029000811
29.523418059545527
29.6961033708959
28.725369018599466
28.5491810998729
28.678192330623666
29.867114339933263
31.986227420168476
32.77564905218114
33.80573064699685
33.33416257896639
33.53783589925404
33.925951587255454
34.063899597922386
34.687641852999164
34.80213610659094
35.29286856851156
34.74815912684255
34.41102473078432
33.472314248708734
31.655538124445464
33.05047762600248
34.758155863641335
34.98249652603887
35.74570853360879
35.64457584063607
34.117630379254784
33.413448048319815
32.285948806471744
31.637631963394277
32.085128371709985
33.0231365359083
32.523253447596026
32.801116939528775
34.384260613074964
35.54219670565261
35.67262496259728
35.768827944801764
36.239619101375794
33.505935255730975
33.09751264540915
34.3176770068646
32.55532401124569
34.377215030059666
34.37020662461124
33.442044537626785
33.42460032127664
34.48503238995182
34.83137802552124
35.136119602667726
36.13800733109192
37.51094943444313
38.63235966133624
39.35949123637018
39.233562939702885
37.24932367832701
35.46900739938533
35.27080389320803
36.20810000001411
36.659993387943246
38.41737969179979
38.30853715743058
39.063696074214405
41.97012752620817
41.16740527252654
42.7647441932811
44.31424025527333
44.959821167798374
45.01893494333255
46.52918754892996
48.17028701163764
48.725918579546885
46.702714020876236
46.69438071433654
48.365676121416435
47.871716267647585
47.93115430774272
48.64223464321758
48.85640481402941
49.61335039232724
48.42463531374567
48.623427750499324
47.125788204273164
46.06942627027135
48.084736334213744
47.521167875607894
46.982358673094296
48.18486305463635
46.82946277348378
46.887722724984414
48.54860370330222
49.75691075369211
51.798036057733
52.19556487862124
52.71259644683984
51.78421755111064
50.56090999461831
49.98337424912291
50.21371280974742
50.40327763019569
50.326208123608275
51.17940711726309
51.88617125400128
51.549320248430554
51.52228275970664
52.15592622312688
51.64365481286861
51.629233531524235
51.8623998195729
51.740920158650646
50.25584010371951
49.85293414566096
49.786965607768245
49.170267238879504
49.20528004349715
49.295407964478194
49.03746040235056
47.95584496353992
49.01787754722739
50.05336748548356
50.31867048107874
51.104060377709125
51.750178670536656
52.57418115281356
51.829565921306155
51.64881428068442
51.08637452386833
51.64319333222186
52.154673038778895
51.87385992578165
52.14374947765372
50.76190880848198
50.648404062382866
49.80709595540143
48.235896654180486
48.11804026631677
49.16454347944496
49.953757129353974
49.12548890453283
49.00239809586529
50.060227043214745
48.855559551913515
48.53247569459875
49.449189470313584
49.71790798574726
48.746074971932025
49.03270554145403
49.739489574427346
49.83915369034989
50.47400824695367
49.884115553655874
50.66826557972573
50.455232450668674
50.588626160861814
53.12255389089759
54.04785304674287
52.762331118474826
54.30969378126816
55.638921815774935
56.60915495016265
56.92919926862302
58.11840171715514
57.88103552039842
57.76436285210529
57.50909196031198
59.51933628938781
60.75976208542875
59.998314626622374
59.527874348068615
59.2353039653026
57.89725496768479
58.29559694524101
59.52234770278977
58.80001039889579
57.16757408408737
57.71585470545198
59.113950623758626
60.0897332322567
59.96617600992986
61.082405988121224
61.47166719469394
60.838620733635544
61.33859793036381
61.78936413237302
61.68039396115099
61.04120985068244
62.91353422373299
62.11655118817572
61.458169489439264
61.27768295006503
62.707237107698504
63.54802124835984
62.38432060275782
62.72966772521841
61.41148469583841
59.18493589255108
57.96887672105082
59.88330018248224
61.32613622938163
60.34157531386389
60.99787841245631
61.57166060528013
62.86521583744396
62.112161952937946
60.60534769923084
61.86581719573338
63.007627962382976
62.15951940380365
60.54210467247027
61.52354591308812
64.5196536856745
65.0598994654115
65.35939696939083
66.930027697615
66.8619567735482
68.23534940901895
68.33383426098389
66.9857346016569
67.34925493912051
65.89016975264597
66.66751309416753
66.99777534520308
66.17836751083902
65.74551208940419
66.80319648465033
67.72503448674887
67.99543189682916
66.78373635221757
64.97979040947772
64.48322790189096
63.28548495347922
63.8396262111359
64.38021621600919
63.7059299992002
64.02057676725967
64.42726904206638
65.4703077485009
64.75868825701373
64.25539967280297
63.09883100813024
63.973513859800796
64.37047722572326
65.54053877584037
66.07314235048455
65.73321340044227
65.16185415898767
65.75547608470845
65.88002578455196
66.74967661322978
66.37090288635522
68.2721580798614
66.84807457043422
65.95249324012755
67.0124682670722
66.7419642358352
64.98108923217528
63.502927899252676
63.52319932470136
63.58036091082429
63.62255511263667
64.26980667510576
62.49026667147643
62.64010231672412
62.907715979469366
61.70259120967213
62.376286189081256
62.537423404600865
62.00725739349591
61.99649812929692
63.03450877184924
64.05739908495863
63.07598564677725
63.45436830369971
64.9375957012821
64.63766704661947
63.873482052251866
64.64705113106416
63.951256149820345
65.19165720012239
66.69338405359542
64.69740767219488
64.10049120552037
64.86535099609343
63.56544267275593
63.22076518488632
63.96855734810206
64.27636767743559
64.71011588053786
64.27717431596633
62.80928173328811
62.35796863483266
62.05316556162146
62.20619864025487
64.28149057235086
65.18463067158955
64.04317739130965
64.03302987679139
63.34459151067473
63.27968948104523
62.17360370519492
62.371811150249
62.033835345646985
61.28224330460112
60.108230545418316
59.407921386328645
61.82170923791047
59.909145229660375
58.98655078312589
59.90608539518367
61.15828427858572
61.64478593319678
63.0699028862824
64.14901746482175
66.72499786084829
66.67083894140065
65.32115495824449
65.11490866883484
64.14679638769788
67.00727977427495
67.83550276774535
67.39015110898234
66.88177036301366
66.82951700458369
66.52767503602762
68.08626592607692
68.68226265959599
70.04365446726737
72.0939458762654
73.69668506201117
71.49548215531816
71.82003512831359
73.09818438935143
72.75529324464567
73.7867036292002
75.07837740675681
74.04608486987283
74.34386765245928
75.02356322300433
74.05431833338608
73.39629770632884
73.77632083348396
73.8661206026128
73.66050272865702
73.7689294954618
74.53310220029911
75.3318703084553
76.99468614268707
76.55803290372158
76.37099474262875
76.34461626126304
76.97539456366418
77.11590036045499
78.48132832060428
78.9607177983511
80.17309926886757
81.24685146210334
80.84698557114346
79.79008193792218
78.31206116528904
81.22152310134197
81.37165322025082
82.16548708648476
79.24361471038729
80.95636846415172
79.7129789772646
79.32570424772388
78.91624016093927
78.71992189809798
79.5009509064813
78.99535911642329
79.72495557390866
79.17282452672666
79.91185063220647
78.66699249945083
79.89400287738816
80.66394091834324
80.33152167808412
79.41131560149474
79.81220911900729
78.9378723904573
77.98776340218194
78.11413721736515
77.8926524898735
77.09484426021517
77.68275755198617
79.69367071859813
79.84961090686143
80.51673133944644
81.6122899389141
82.20779249702923
83.70454196396709
83.15068445632372
84.20295440953925
84.33467783600521
84.82436843214322
84.99565295194273
87.3717004863266
87.4054754874161
88.47652992161616
88.7696471365804
87.67757979615202
86.94409984162293
88.18140990254554
88.51281764127839
88.86887749130507
87.7396676807006
87.49958352973174
87.01280392840262
86.97061255384683
87.73479699128599
89.13566667804953
88.66357450132074
89.93081821319107
87.7163904445161
88.8512068553442
89.65158160411833
89.36977586618302
87.94182658964999
89.51259180034262
88.8998704375031
89.27704298815321
89.48574207896539
90.01693479306911
89.64755246322662
88.71454121842511
89.45579201669811
87.00696617838439
86.89624230610926
87.01783306426185
85.67756652277154
84.77476326192186
85.07258096030321
83.70047378229063
82.96306720172217
80.86628096597065
82.75801978159792
82.16412905745855
81.97741732129322
83.70858515070742
82.78344268083109
82.16563442570344
81.9785445233749
83.35890445715596
83.87639889676566
84.88252645787448
85.89411766023281
85.4214352961329
84.25458443567352
84.63349087496756
84.90469783946271
84.99945529051648
84.51731703086337
85.06414008137544
85.42985981969565
85.7101832005857
86.7347974496782
86.27099870350992
85.82475337496814
87.1871072380591
86.68265708599151
88.69067076958666
88.86152498476127
90.24750172418611
91.04990159511327
90.08229192521017
91.19775072874464
89.77708126780338
89.29373415229854
90.48748707561562
89.79189594546219
90.00717027721856
92.75492098731932
91.71409297045916
90.82346534643602
88.85740329940981
90.2283710212119
90.02001085682978
90.20386046625185
89.91739272199878
87.94821025957077
88.41387717353422
89.60469014479533
88.79276276460898
87.67712024538993
88.2542813796992
88.32899051687131
88.96749598564459
87.79170444045427
87.68903279475282
86.13047151521522
85.96925476833178
84.83220906859515
85.06404641804448
83.37712349643323
79.8229232742391
78.68355521248301
78.58247124537833
80.43883677268994
80.55290441503193
80.0362107983274
81.83935027977917
81.77735781681262
81.9088666668674
82.01829517385804
82.5312739862092
83.29553786157435
84.46133698216833
85.11223049907456
85.09526580394396
84.98654274967156
82.39171957505283
83.300881289491
80.25558252113491
80.83781092418319
78.9566886379658
78.55442040052289
79.88256273302508
79.15702659325498
79.1474911350376
78.86193549799337
78.12943435743571
78.95273866260911
78.90116846672832
79.30607415095935
78.73940307803242
79.63163801576454
79.08543190639045
79.23735376825748
80.41000614318439
79.75562929060375
80.93922478146885
80.66325013066026
80.42734167486147
80.01571007615328
80.33418837890441
78.31900807185153
77.58046590425116
77.84716392459036
77.83964121718687
78.79430059508937
78.68984064969894
78.6145727797359
78.12199374393965
77.72475259923579
77.51811594406843
77.33186379984934
78.36051012601816
78.8026145430869
79.51948369868524
79.30494690591034
80.19567940126187
80.59181108133497
79.73386910561379
80.55581882178639
78.8943467418669
79.89530793797944
81.03578456713907
80.32988748446057
79.71571921028925
79.49479274693026
79.03180303422515
80.71388739207788
80.50633689950365
80.02100976216799
82.01223255708999
82.10538557121947
81.47845242895426
81.3841764663408
81.97108901375464
83.26992016340357
82.60171291945397
82.90535944339102
83.65718412120633
84.23499537590752
83.85097114979038
84.14728579197414
81.26515882906597
83.54220096492531
82.21372565435304
81.2753414043273
81.98478965517172
83.38755438516677
81.98576336431674
81.41318161400051
81.66677549693213
82.38262204600159
82.77064811114657
81.8298597198193
80.78657565187588
82.41162832756764
81.67744724343818
82.34160218190908
81.51325005980645
80.49060341724608
81.95079027686232
82.21361148085666
82.25642000164467
83.02225287383608
83.37330116758899
83.33976397621427
84.76466725519833
84.09200073074507
83.2201274995463
83.0509339149028
82.3147456439072
82.67441476541384
82.72568659110769
82.93771564412135
83.62206540016669
84.09412410117109
84.63161089747194
84.85529012547741
85.38153009810615
84.51959344923054
82.99051178109978
82.50911085735926
82.15497551496992
81.5791708181282
81.01384015125008
82.54112457437492
83.58977930198468
84.18659076309494
83.32229774450411
82.65496799812377
82.89289816600841
82.06411261261833
82.52787624687667
82.7384400387978
80.83958933496459
80.78092760437474
81.37942165979565
83.0681692947816
82.96907331417289
82.5652568889771
82.26798207376804
83.258941006588
83.91391767817578
83.19498115528489
82.88421549968936
84.04057845981075
85.13406778727122
85.39318159017957
85.92452316464497
84.69397893644955
84.6744495201722
85.68088233245093
84.75902208834225
85.29687788942162
85.53559122306783
83.4905414470191
83.18511596034817
81.40664268652627
83.13212397811638
83.94186908130655
82.11782463265347
82.54263676352124
83.80257484925305
84.18849739740787
83.95922259958537
85.44254633045658
84.71750470952841
84.97809215273374
84.84864727502955
84.75040780048623
84.3434194418551
83.6517251647822
82.83854311837933
81.78290066979125
82.14875908154306
81.89462425550033
81.4978290309425
80.09048071457401
78.69180161615279
78.55195867693806
77.65235844055059
76.23374611994058
75.3398133038028
75.14367241356521
74.18328023505163
73.37724700622306
74.15338560004292
74.70367262702584
74.19787520588103
73.39271693772758
73.73340501061894
73.35400796246127
73.98782359287581
74.81706133587349
75.67282332418661
75.06752835276336
76.63401509452123
76.44535599566274
75.24525939389989
75.74344392856997
76.16055645691812
75.58562187339408
73.08202026815611
73.16879360064124
73.01447952936664
73.48512823465946
73.87274134685612
75.3037165497924
74.4034911459517
72.97532570303422
74.19080033927449
75.34507331526144
76.37825050762764
75.62083714264388
74.7980201442855
76.11443970893455
77.27319449654652
77.99569813157248
79.00628885307911
78.744924488289
80.00537736676313
81.22118739729228
82.5028390129691
81.23032805933165
81.21797920767729
81.9151736798897
81.55544609618512
82.33088474204298
83.41319644127687
82.54096665791937
81.1152582315913
80.63130080864134
81.61419019052279
81.83848136859947
80.8115369989
79.19016231395642
79.15976751429314
80.92544734486698
80.96001374994029
79.24219748703408
78.29759256774008
75.56908409644608
76.22168231252863
77.27612409040196
76.44817136043322
77.18355997379737
78.55182644482626
77.17256516042238
77.71359101082827
76.83056767748701
76.07327378433915
75.7383871146612
76.07601691284911
77.07633351954131
78.1022753544615
76.61447393557854
76.67674946749958
78.64077435954766
78.84127756727982
78.6766924331605
78.57138643600247
78.52501520099368
77.22895127044521
76.86636318521896
77.40726603496609
77.30226405516248
76.30219920329164
75.54187546445647
74.51538018255509
75.05206469189537
74.3719946826826
75.31647817847808
75.1110043257429
75.59099138672892
77.19280959217349
74.55079525044992
74.90491616273282
74.28367339323987
74.30246338587133
74.34560074725555
73.15055389512642
74.11037021133443
73.38391560733413
73.50748102174707
73.32531851846097
73.78027351771071
73.65914215946098
74.29560894826784
72.36210618578832
75.33402188350351
73.12210105383693
73.92498923075135
73.69970156366985
74.70692612684066
73.81904244264447
73.94692298486457
72.77040886101256
72.706789381938
72.95159624344686
72.49917341041217
72.17783294374156
71.70264466057972
71.12353295531385
71.05937767979387
70.2345049842729
69.67399051015646
68.37225675588263
68.27621980670638
67.30667830920146
66.92745743480155
66.35569171182925
64.82570492607887
65.42476711956232
65.13872746002235
64.99392949136518
65.73022092000136
66.23619094656065
66.06202644057434
68.21699471732047
68.4972573801367
67.29593171139105
66.58866895061334
66.24610132480815
65.36256376481484
64.46185938025059
64.79066853065356
63.95251448076637
61.249404449207034
59.973060685889216
60.437146797239485
60.88925503656527
61.37301279624837
61.52539116479459
59.77208558479757
61.80214909190637
63.90138394341138
65.3593139557305
65.8859413712854
65.39455247060937
65.42480169620123
66.20924135919519
68.96905860891057
67.23450030259312
66.71574532595513
66.97362941711752
67.90554572377101
67.78941271801803
66.51852705981783
67.05395375546233
66.11953516656611
65.5659097409978
64.87650120577143
63.617762242122
63.782684542265805
64.40696787204584
63.38307734419111
65.10554605331724
64.78499211850367
65.23784681755383
64.55664694890231
65.91411334920966
64.5560850255626
63.53565916918496
63.194305345638305
64.14860269522214
62.74815097541233
63.37942258997153
62.15016465577608
62.024221899781594
63.132160354606256
63.49334439329814
63.87690359432846
65.07945296520056
63.55448729073869
62.587791698212634
61.849154871880295
60.92119640033195
61.04859142282676
60.255156879448904
59.287373146921304
57.729180468351764
57.226538024900606
59.08745056429261
59.5996331131045
58.10074168983022
57.2222515464264
56.6671197644907
55.29519144852887
55.176449540650104
55.5752005713134
56.945681056658934
57.225955821356386
57.32764224842336
58.10345224035699
58.59966222587673
59.37768568276168
59.032524560332696
60.10515661941631
59.930772977910664
59.62253407423596
60.728942862725944
60.082609026489706
59.73171916728859
61.164071654522985
64.0832121271251
63.33045153346121
62.80511501997143
64.53140454581344
64.26640927774619
63.40480033176583
65.55203836458567
66.42577665708215
65.3446216666861
63.7874159711403
64.85729974639787
65.80834103398307
65.75810352318184
66.7718866389677
67.33828070350268
67.86591712199217
67.75589179574092
66.10404446057599
66.8212229900332
66.8752438716277
66.10234456200904
67.71544583308804
68.23864360095207
68.13315716139655
68.60452949184878
67.61876702474589
65.63705204017474
64.6990793382098
63.46911632747734
63.80313356483734
65.05893321089759
63.60054454737137
64.57173336586591
65.97647620198256
67.30596974477173
69.27975981637955
69.22578941438732
69.73799387010118
70.33513193038856
69.3298868977635
70.75506554658264
70.48161766457574
71.67503196789986
72.37556292063368
71.63353993951891
68.89744001792091
67.81311219549735
67.64265176548065
67.8124124697016
69.07621421385079
71.18908094333165
71.23913203658115
71.52290269402482
72.47357106408691
72.3434060416298
71.36817828748272
70.72613163076964
70.97474485338063
70.5919621599722
69.89016045427213
67.61704223764157
67.34625150785894
67.48372540569405
67.86377075676549
67.7485941136738
67.23884917909807
68.61920771288538
67.4463603501049
67.6138274737357
66.47123104269996
66.62627635196286
67.46944362366462
68.22265002055632
68.67313920330177
68.74439094246183
67.29728657316237
65.19041771186674
64.03516799834412
61.59143547386366
60.994218831758445
60.566165327245685
60.336664941894014
59.30343544373943
59.49086181988551
57.06346803269597
57.81214828417005
57.85376197731159
58.66028295213959
58.20429702098254
58.04238864753474
58.423637697625416
57.255452505852055
57.526238327271976
56.32016895299159
56.68999293993693
57.77751788433136
57.00123967964292
57.654562993363484
57.9743683960429
57.508417324717236
57.681774351200026
57.4744240658783
56.47192053191568
57.91060936925253
57.7728070971001
55.9103708662217
55.082818902739504
53.85095431768483
53.526499844985835
54.63532624975691
54.62804607129
55.857163286745354
55.47473310677114
54.07098832070148
54.89678484533851
56.01914384163858
55.294095070817896
53.283872904420036
54.45654891501953
52.050075833735455
51.78789919201723
50.899184725740405
51.2644961591756
50.93193430577228
50.120674903808734
49.74977730194217
50.41792487630259
50.19348944516224
47.63181789695438
46.57830501439639
45.5785302721823
45.68948020636448
45.070605694516296
43.627047975053436
42.82269872599988
41.14449512342615
41.3922034646344
41.77616715814566
41.174966953942366
39.67970241618686
40.942590499083906
41.072544865210965
40.83263437837425
41.39021479255489
41.006412367065096
40.85792763006755
41.2597326198596
41.23338223836859
41.24888084492655
42.54555144484078
43.38778901835691
43.20878545259338
42.59202382245275
43.08885758602837
41.70077115905857
42.67766565207349
43.587125936036934
44.113447630737454
44.14676126562846
44.40307562392315
44.51553579094835
43.37689073749051
44.98246680890378
44.250882484996694
45.744501065891804
46.98513414715467
48.06703523156114
47.07136911633845
46.47231251932356
45.427592548372395
44.203833551639214
43.170117485623294
43.437472172259525
43.98099096199177
45.33183817659176
45.99563591644467
47.1634307416365
47.13261670363642
47.642177955820046
49.842460168549074
49.081474693719144
49.94228819533231
48.2889313779436
48.273668096799916
48.86593428757959
48.217234055818544
49.48384579739892
50.09368594246084
51.38028907276591
52.05684496092584
51.03081975433292
51.20601647979988
50.89360445243848
52.26233554873506
53.16315335313435
55.315440417259765
54.797390486768236
54.17802494447239
55.41917922532996
53.85372120019484
54.64266592946604
54.744128588970106
54.42550027521181
54.60813514191984
55.91992886376493
56.813259195412904
57.51754311487275
55.89709334395194
56.742031613141094
56.26150463337874
56.01029102306703
56.4630177535624
55.22228877958191
55.26470536927115
54.20617357425795
55.0356876284911
56.282013557531684
55.44065455232256
56.049245484129344
55.35680048972083
55.64132772585545
54.77377424475165
55.277986067441724
54.14354595708262
53.74494047397257
52.64283050114585
51.681674876764035
51.802080766497944
50.38934374787261
51.23426423516127
51.08219319572235
50.7738813045952
50.08908155466213
48.69405979702087
49.264626602458236
49.90747623425871
49.3697617406284
50.36558078281309
50.864403855476155
50.078589930299465
50.074703553431746
49.68071384105432
49.79880623190276
49.454849324298145
50.074568719331054
49.02425438892205
47.30022595554487
48.87945382208837
50.77233332083296
51.81792955688591
52.12022165013146
50.790083516848554
50.95959201709235
49.55885279473885
51.98891563805001
51.897019899551545
53.410684052820386
54.734122541877326
56.750954757170184
57.634020093952316
57.159033572147464
55.72754928962652
55.73918190272146
55.46272742714259
56.2094925382758
56.70658670917914
57.511694192713925
56.02165954359404
55.98272065044425
57.87105043453039
57.691758715962855
58.416944103364
58.96952311407121
60.46071480632997
59.81147468990464
59.31943964782808
59.37946822911465
58.87935385667543
59.77451122061136
59.815417691940645
60.363543303698556
62.434963124979745
62.91533798421811
64.78411505808741
65.93349651424442
65.86222304482376
65.79534147841623
66.7642139525957
66.78037165633323
69.0052480531622
69.52216342640317
69.24559106675477
67.69701868797235
68.30950698608248
66.91561293951794
66.39079810930232
65.54075836817513
65.96080459745366
65.88822618079027
64.7524648700893
63.56039450937349
64.85809988593499
63.308513938264426
64.61086590683084
65.84751016931658
65.33849426196481
65.37659214761642
64.23662133611828
63.48651502442735
63.80540015092572
63.62854170760212
64.63992588638976
64.46955876549849
63.55444418533111
63.65844330388688
63.3785256392581
63.191188684032475
62.927018491350566
63.728246087119906
63.00574639780417
62.774031690451885
63.628959076442925
63.403046372624
64.07240706996653
63.148783316067
62.92969809475729
62.4439132872899
62.42977264933133
62.67840961738597
63.9746206676481
62.70795925588868
62.20582532471632
63.54390846389806
63.77883199297629
64.23477296410411
65.45342151957406
64.69643232937855
64.1049247503319
64.28391140676518
64.83671936551434
63.80447686801205
64.01931781489034
63.95987288680733
61.744843554014594
62.206685330168156
61.57079842517573
58.4687103853017
57.44602136458063
56.091788368336836
56.99377836518764
58.003728340638936
56.70712130627235
57.195224183765205
57.62299159435739
58.427763159739726
58.221166517711985
57.4547244758192
59.156852845216264
58.12490605009964
57.84402149116976
57.81042962364974
58.331450586099955
58.36264467266906
58.06328948343986
58.177414980377385
59.6580558899835
61.931154067282826
62.01881221173056
62.13073689392518
61.56282790950806
62.25425526668584
61.78664873604192
62.82678834254156
64.57723253128461
66.06650817940508
65.68808870465828
66.58325880690113
64.67476504864624
65.43917135899632
64.08731363106297
64.64169232182341
63.74018133982492
64.43352987621562
64.48775312959188
65.23070257416565
64.77624050377268
65.54396875137569
66.20075253312473
67.75937680147787
68.68068983714684
69.93983399711215
69.75094603093264
70.51034061020334
69.20421805004422
68.65453918226773
68.20193212051247
68.45830954530506
69.62755754544762
68.64699692255651
69.83677748394433
69.43423734489268
70.28854169270848
70.65715829300962
69.84723675714947
70.34037250156973
70.83095328697283
70.01938971411037
70.96123755641237
70.89535211962408
70.4512877498946
71.3181756508316
70.94321412521313
71.73313421556409
71.83054543351457
73.31872577163223
74.36603939938172
76.28720261626464
76.19836024877013
76.39988922095058
76.965275420058
75.45898297131713
75.46368974060437
74.87152134311988
75.70134680701719
75.71896952114777
76.2667834040867
76.31669945940949
77.4878912176552
78.71025976839654
79.14391066179586
82.56757862817902
83.19947346497203
83.07968258023914
82.5000774062841
82.62351266590518
80.86188550296009
80.19041095001202
80.04442203550543
81.37323415912445
81.82351652738173
82.34247985539693
82.84999970710929
84.08754802439337
84.24682585851991
82.78368033329244
84.33924615176672
86.11151244132273
84.50019285305055
84.01473028680691
84.8170652321318
84.37336519587654
84.75599415852311
83.6337618417628
84.83431864531616
84.27548021858424
85.63925217874375
85.23386921046341
85.07967604215129
86.34243045565434
86.48189979200367
85.46320186643526
85.83237765022572
84.53292306123
85.22029595193023
84.26799742626923
82.44333839697993
82.9164928366153
81.30462196006215
82.06058578396218
82.92745996810554
83.53829350829814
84.05011902923074
85.47468743561217
84.12638502211588
83.62479925737652
83.81331938465385
84.49010497503836
84.8146348355163
84.33228521888567
85.99009193810996
85.14822858073795
86.51468646168584
88.46473520760203
85.95178246603025
85.80388142629934
86.26551815896718
85.54234060486519
87.59258980072927
88.34373140219628
85.64952021545241
86.34474028548767
86.82399584029747
87.01042753130798
86.80314672540796
89.48278541938933
90.84256442762387
90.60616918246762
91.07223347338065
91.9517545207677
91.78625671905755
91.24524804295311
89.96495487371041
90.9108725414739
89.64082377476444
91.52196188803714
92.27599341520894
91.86918546865002
91.67626740311545
94.15752277168048
92.29906414489476
93.827367886354
93.89992849343159
93.64724047411224
94.35508766530756
95.05639312678393
94.14435229306494
94.28713235946286
94.07897760628798
95.7906601427374
96.81534752544408
97.07566700867262
98.04530750299746
98.51335563257605
99.32930696365769
99.93570909146342
99.11660981228879
98.90722854801095
98.65582837665305
98.7377219130168
97.78365936169197
98.79225151049413
99.73436162377646
99.9026080747101
98.4333914743798
99.30335788424092
101.99018009242211
102.22710739619546
103.2410289699868
103.53092308657021
103.23088047614388
103.55729680589442
104.78197619974598
104.84474677068283
104.30595349940621
103.34944696661731
101.6280859540053
104.06785705946179
102.53435136011599
102.34896348752736
101.15612222992677
101.37730886128733
101.99923426600861
100.65001340395982
100.3654749531027
101.23464052291122
100.67384166476191
100.90921396788465
101.81761291408216
100.52391692434536
100.98838111511316
99.70840136288957
100.92894112953503
100.22537333326034
99.18337392759999
98.87787702566824
98.30260958319785
97.5444159337338
97.2234735486695
98.62143509956013
100.45650245975357
100.43967980779331
100.25457096543437
100.24153852513899
99.88280752841901
98.67516608005214
99.29196257757826
97.44256497972911
96.80442426390655
98.53278498656383
97.56645573768846
96.62435353216912
98.04873048469373
95.50205982955494
97.14552304767443
97.55472217324109
96.71842777990913
96.74086877759157
97.70094534834821
98.25522339319235
98.46676059983594
98.66428608236146
98.1969062441924
98.25163545018093
97.86524014119485
97.81323537632525
97.65551929846114
98.18174931871633
97.91264089927739
97.95848398632441
99.37080399922604
97.91388419393473
98.37864251582275
97.78622257040614
98.95000933749385
98.57162542349405
100.84866983421324
101.74667316952367
101.5623707433428
102.2838869950198
102.33118139820652
101.42861098890447
102.01816294660689
103.10037582025724
101.51771792777917
102.62587216560513
101.0917068144303
102.42807198393332
102.39098414020093
103.81178645993246
102.72782833645046
103.32589015168065
103.85140727001796
105.88548588894704
105.34215761063352
107.22833502098672
106.64992969499245
106.64103707258123
107.02010075016715
108.98058796888445
110.44534420162692
109.0743305873996
108.09339346355803
106.96533266013027
106.60098679978334
106.98128405509401
106.51553084331465
107.38373986695538
109.82304051142519
111.2353174307242
112.83075061474166
113.41628499320947
113.58016235427564
114.51668236378383
117.20770229651212
115.0020023801305
116.38143256117078
116.74646362500492
115.39622180956096
116.16204851988876
116.02949037732243
115.49171535499542
116.86940313263129
116.19014752417296
116.56855248488442
114.87138803218114
114.06863296960343
113.04763076752032
113.89153278839021
114.64388644427054
115.26234002044805
113.94177536753743
114.1696473777576
113.94872614284274
112.99581966460359
111.87503670865118
112.2760234650878
111.0145112866605
113.33850882558062
114.85704489010324
114.4071146048845
114.32213413296482
113.37806212038579
113.96402800122473
112.35764320222096
113.91342949205028
113.68087758459434
113.85298373749656
113.14585592514507
113.05897625495668
112.72193580246582
112.61177557777339
111.81533531339439
111.59416186657113
111.27700542202844
110.34555582374394
111.6326195690798
112.43566711837418
112.25311945380624
112.53865846302972
112.35733330174288
112.73515709441105
111.4686954067095
113.41628791316026
113.96389510330198
113.00829781682242
113.86637422221001
115.34718361512292
114.95031579555081
114.72607418804485
113.82260597891896
113.32993548005622
114.600906083578
112.71280691899476
114.66299540595737
113.72894710786333
112.6393152415468
111.73722123610408
111.10804029858848
111.53535283374
110.77169916072936
109.24447017944388
109.68801184727751
109.09458176088965
108.99761149998137
110.12616193088206
108.87403344373317
110.154796390261
111.22478284556291
113.35476533347958
111.67966234052368
111.14600944553645
111.43267056130261
110.48195919369688
110.47785310525786
109.58443326042472
110.06015680746178
110.97857821324452
109.31567668754022
110.34116479660136
108.92823725082657
109.2381140936356
108.64444167652921
108.32252872663652
107.71471816382486
108.9072617830284
108.76072336153499
109.08626678943097
107.90249739338167
108.45808028546294
108.200128210578
108.1877227125403
107.81695616012725
109.36340568328018
109.99984249381522
110.92169428049453
109.98283038760079
110.79410220838122
111.36638724114971
110.54892533401954
109.91222707501272
110.04660299198275
109.49026278393796
108.93793500530157
108.78544739476519
107.75425352773084
108.42727151792982
108.6037382594516
109.8072754025233
111.91372162879937
112.37587465615911
111.1218372364269
108.90286984683836
108.40287764669851
107.57093426096462
105.82935096827775
105.92955458770834
106.50749396560494
107.0137665916229
105.53937251350096
107.95765249362911
108.08656922746648
108.29508968921792
108.48078240061574
107.9203719238256
106.29675691780093
104.28138812009423
104.41444292206216
104.24091568456076
103.1748669490493
103.36810832340463
104.959302658306
104.6267755287108
104.91595317949975
104.08751321808062
103.72462486066183
104.09628508081362
104.27552326238538
104.44131011704407
105.67445016185515
105.33544712801427
105.66438590793692
106.62133269191105
105.741602667006
106.32274862662595
106.40194048205109
106.87301849249134
106.64410923331965
108.3541102579255
111.41340116623405
110.32678036013813
108.77418385291995
109.4732659382531
110.24853968719965
110.40935442775194
110.71740350394035
109.33234442137751
109.69808147495029
107.3473441185534
107.09227064280462
107.3495991035389
108.20247621514399
109.12829955999642
108.70620053277193
108.13908031091479
109.22390240712905
109.5253610435243
109.14027547285711
108.51012072706007
110.98710953148972
111.84761560069228
111.13303884494944
111.04149415303505
111.2783495326559
111.7644194301963
111.02795486776154
111.94007292049223
113.60141268161397
113.78711856002745
111.42114233128868
110.08788137880809
109.1093635959699
108.49577717087297
108.57874293279222
110.03557538364635
110.16821769253922
109.80299265254153
108.6957490031359
106.68534472493596
107.25882873530618
107.81166830569792
107.71215126182989
109.30188566148738
110.03939057644233
108.99847575425895
107.10211467116218
106.44607723491622
106.02578076020245
105.94614391258368
104.47871437848585
105.59491646248554
106.0886078325173
105.85970391900496
104.07579972256625
104.48286871654634
104.5582623277207
103.87983066313828
103.97067911226858
104.32600430143457
103.5169864109425
104.90730559786729
104.69495404274518
105.63766917287161
106.1316252101794
107.42333033207761
107.48931769588805
108.13173024945593
105.7779701740616
106.85434049137842
107.33941098442493
107.28960173215776
108.91570111001096
110.70313723323224
109.60590709878407
109.16003455043122
108.75505914903314
106.74419523935717
106.71901483871552
106.14631588057603
106.70495948221124
106.1199529262971
106.53933238225919
107.24067213757297
106.52400504245071
105.90708138880848
105.64892100433191
105.88974626130367
105.90242731760783
104.84921628773414
106.87979004581572
106.64440227805669
108.06936816298736
109.16515575626764
108.47479606515381
107.31794575976744
106.55898920556052
107.13769909771896
106.2349283071231
106.75125659701818
107.7569935280388
106.54979233107129
106.63106825379195
106.60981430022383
107.45273295806399
107.5646240906307
106.71205904751946
107.4655429898438
108.99961918960408
108.26952923822117
108.32761966435523
108.02272829053801
106.40369510243345
107.92478395014716
107.37730826723312
106.68248822521612
105.3421687745494
104.51636029419876
103.92188212823778
103.42611794286225
101.67677521245001
102.34744904318997
102.51408540598074
101.5172119964874
100.22046451485299
98.78294903591397
100.20624942340963
99.05956868896791
97.19256060916618
97.21033846946897
96.84683182459668
94.6518310364033
94.71097945193874
93.97886498934075
92.99023305301061
93.34933237187077
93.74902907953381
94.60357716478529
95.97581024112002
96.29508940164442
97.01387906458017
97.34242656826926
97.56461990623629
99.37624473775702
99.8903865146969
99.10941453172332
99.19658865511869
97.37602602126738
97.59477870321554
98.22996778934362
98.96720210585326
100.59036703958839
101.27197551730765
101.12377910070722
99.35035512008946
99.23794617690994
99.00448721065943
100.22005298543203
98.7276567045408
98.23627644413781
99.42769528838383
98.39014606349951
100.00601445679581
100.63073460976526
99.64456163654017
97.92809799776425
97.03279357921176
97.51825580539665
98.12685323536499
99.4576212970544
100.05621448119365
100.3144150140331
100.01665873741827
98.64332016867384
97.69566023272706
97.89771485353323
98.77722697608192
97.99137596910442
98.00091077495793
94.74556208282755
95.44491487734257
92.86717659909365
93.77274802267118
94.36521867073162
94.62853709110857
95.88468618846454
95.9742453728135
93.93251055212781
92.82573104201536
92.99139574170412
91.95071467996598
92.93886734336868
93.14581934991226
94.9272949164906
94.27349706457484
95.45131304504562
94.63986831632498
94.8803669847899
95.50247671016328
95.49867859752624
94.28278966450107
94.43025964003768
94.91545143378332
94.24631504444092
92.13785930827342
92.52821846267008
94.39683024052526
93.88486089736375
94.42418789642745
94.63516327969772
95.57203362105763
95.53949042097193
94.37800033239444
93.67827998923991
93.3549939690823
94.01864398680817
94.06932172856644
94.8023230329282
94.47005417537747
93.76535426239936
95.13293253801098
96.67331659702656
96.10111819645022
95.54630182691812
96.2348601827805
97.15469871702935
97.58187890747979
98.59695944258353
96.73272209047872
96.0419838051508
96.38059174565026
96.87000605132611
95.575539069676
95.21853396898202
95.27836395766064
93.8928118831728
95.01861038769638
96.87909694499257
95.66610832154329
94.99878972970944
92.89943764970965
94.67962560871989
97.16020740363395
99.57449988498301
98.42458411414995
99.66152720292146
98.73345081738022
99.35081372620218
98.54375516577556
98.76327915897335
98.23475113575819
98.64768953324614
99.70490123884338
100.15650257286102
101.7612934537294
99.98224221266489
101.16308063926192
100.48466108380484
100.15054815968134
101.419366453872
101.43596653256608
101.7613965547258
101.30190921656103
102.32016374895726
101.17996778364068
100.83031001905795
100.41330716500616
100.22335015014151
99.63118011613031
98.92604182369861
99.58240504772164
101.80664971845155
104.02518758216331
103.7074904920174
102.29550557058123
101.54288720964927
102.0293217130713
102.45279305046994
101.66611674140323
102.65410284556084
103.34196888189751
103.69665285175626
104.32960680994421
103.76186287403048
102.07752945229872
101.91766724781189
103.10514688176883
104.36364491577778
103.99595139197439
102.89680584342943
102.11235184138911
102.37783039621583
101.4020925499808
101.86081406082977
102.66086046276084
102.02530991523155
102.57116337010908
102.85943334666624
101.97212676235482
101.63790653260735
101.39299473355426
102.15343766486534
102.0823845128503
99.47591797365865
97.57461620804514
99.07951574325082
100.30829468297979
99.3029778590341
99.29375518077217
98.33541202019094
98.44862289060157
97.19351378517847
97.07504950651781
97.06302433442848
99.42976431637891
100.72440266835882
99.67192683878093
97.98322614010944
97.07123705632064
97.25379694503138
97.56234854431939
96.11733786626358
96.99583150185721
97.21593437365124
96.63378545940475
98.21831793766329
98.15157002139183
97.52606799270812
96.75843694919631
96.79243985085293
96.42415481645882
94.6445766816583
94.58743421217144
95.9877204459377
96.6018214642031
97.03323181897981
97.81409191323988
96.95112509711593
97.11944904583277
98.91377045769696
100.0655602912331
101.23209721987627
102.06619021302882
103.36216720203844
103.36410751955752
102.0385877911319
102.15214135896454
103.92306342907172
105.97119134382129
105.11231665946103
102.8674267487351
102.7771077443425
101.73161870674872
102.6012836353876
102.9689641312783
102.13692269970036
102.30361918453914
102.36942993687614
102.07345826064173
102.02513719665674
101.66282973881458
101.58159064412584
101.53034577871314
103.62600207265604
102.313217096183
101.4307409867563
103.07026369405314
103.51274597682264
105.07997042070507
105.9952261899802
107.67007732839254
106.03828555293175
106.04740457110427
106.14140018592713
105.23773799362044
106.36305608589218
105.69227024139862
103.52984569951269
102.73719778592763
100.9160924078992
100.65828221198628
100.33074713046413
98.41418548663435
97.87935494862128
97.67604821791097
98.2123931359913
98.92831845988641
98.6070800774685
98.41432400322768
97.75605925974435
98.37969839137534
99.69908914778678
100.26421595914366
99.0292648736876
100.6465124262656
101.04534076711492
100.95008058430605
102.54206783837851
102.17500537942959
101.58494972257355
101.54830890164995
100.62361839714085
99.31515447258248
98.45832595763267
98.65830624851542
100.2376382941915
99.58786813618062
100.39226004202177
100.63749174963625
100.33648714758142
102.6448803324698
101.93073825838333
102.02491319521224
101.88806806818334
101.7028931471139
102.68745199921193
102.59616510584094
102.09507641999397
102.89752451033702
104.30659728219439
103.44348296230658
103.47512593641065
103.65718569591674
102.72625646739993
103.83342878940432
103.22215371926126
104.1692767980188
103.90658185095984
104.44895966911461
103.94256909581253
103.84154962024442
102.8873628002065
102.08415669873605
102.28458885180328
100.44016265370007
101.75950793322728
103.8921758124238
104.56623427153242
104.5834940214565
105.44909362230969
106.46384850618038
106.4559317620261
107.46208033661446
106.00681321662618
106.18907441953093
105.35274354152384
103.25623026184482
101.57612622691582
100.89984416368354
101.53838274041526
99.6309965070378
99.59105193454994
98.50012771290835
98.24055636521099
96.95158444662519
95.70811294091608
93.90893433547748
93.14638452277363
94.19804645046037
94.04508043202625
92.63974782274124
91.4657858725307
90.97848295778033
90.97936056999659
91.74303778835029
90.53660053926282
89.79814393270945
90.48989838887002
91.45704369111658
92.86053089858459
90.860870972038
90.60520418924281
90.03549090243659
88.3146565803401
86.39294395733236
85.94634515667931
86.69553239691203
85.16906583229341
85.16754927796218
83.28876202154984
83.16903961428089
86.31405555822087
85.12220709169863
87.57774761295246
87.37242743348845
86.00208660631664
85.46264834344343
83.79290041768806
82.77422146570962
84.1691513489071
84.42417213664126
84.77244821424068
84.60528972280214
85.14956896144274
85.9472876268214
85.54197985670227
85.4917126303801
84.70634718922449
84.27394226707692
85.100241835957
85.10712813996088
85.37999914223887
83.50855783890128
84.14208881362313
81.9911190738112
81.83001573425156
82.65395460559029
82.19447850885297
82.42957750764027
82.88083467828186
82.21136893347692
82.50157215949463
81.64349596356548
81.74472935620801
81.25546321011132
83.04720410369765
84.11207020074163
84.09413836551914
84.43014809800219
86.0182595541843
84.98171987267158
86.15603890012675
87.71437711442215
88.13978242427532
87.4570557562158
86.96981578184509
87.7736843494263
85.98180922836008
87.40636511439774
87.06374267558148
87.25230928486924
87.96041780867449
87.48352206363528
86.365713606755
85.62511354265187
84.86933890673784
84.6674735724177
84.58767403113393
86.19003882604
86.49933182678589
87.31017892999877
87.35556968066454
86.29107745254738
87.29277996836595
86.62711335640833
87.68754373661355
88.3282977495411
90.53320161102825
91.07316591177393
90.15030952911587
89.91241595768304
89.90500605484812
89.27113412649824
88.90715763435726
88.60054338956148
87.44102079857647
86.76182371632525
86.47530181277955
83.87543813329475
84.62193548794657
87.44162662198723
86.18261799810738
87.99709553434815
88.00225541584739
88.82608829859068
88.5931321033723
88.95328666283024
90.77776873596358
90.87997157156708
90.54047973950098
93.93454514986969
92.25192530707209
93.35091118504933
94.37184027843215
95.4210120251192
96.4003718538575
95.99366630842896
94.35574563243455
93.86688320246529
94.65341910959347
95.5154028475942
94.11567852738733
94.43228015440992
94.32014852769952
95.7075154368985
94.82330442575815
95.05641535628021
95.07307801136145
94.82477927087515
94.92038405087247
94.71030588895039
95.2504574515187
95.12838109807414
94.23113337614012
93.22164189547993
93.55667803877539
91.77034781559307
92.40029682604813
91.33233045073811
90.5178568163643
92.0171860312522
92.58715781697948
91.6693884905581
93.11348110607756
92.66294048723266
90.81153978043992
89.96765534618818
90.87646071899437
90.08383795849717
90.8192498816504
90.66200356921694
90.76842556854311
92.08518191872014
91.8578894516144
92.31775804671985
91.86852122825277
92.26183173152698
91.52104539910842
91.65521342769107
91.16214940855704
91.59082142223758
92.60471999545811
92.69410570250912
92.98636964619475
92.58784906719582
94.24438022582919
94.5141515337339
93.24613360459776
94.44333077945353
95.31471513508131
95.35308726046523
96.07637155069474
97.57546564200257
96.51621031289638
96.00929606918758
94.33745104832973
95.03215628222907
96.53782586890236
98.56107602848955
99.80413875597796
100.69881071176455
100.89054992839472
101.05082831251804
102.20147062849459
102.21542704933249
101.16317247917968
99.84776756257273
100.51288566635367
98.97394236539778
98.97251247344208
99.57728541143392
99.89383397451925
97.90690942667118
97.76582082896451
98.59145935990034
99.68309901671918
100.24328734260281
100.41490671762003
100.4382194808665
101.42259072762037
102.41832224055625
102.24039063062375
103.5914744338768
103.0288571569143
102.34648249757244
103.35598535341471
104.30791338369386
104.63421391037954
105.42988597773306
105.58859670543049
104.30436477785645
106.69546619090984
108.16830427109159
109.11610773681211
108.00436992813897
109.29104548868231
108.71388312086367
108.81998799016702
108.70143429627753
108.8817634598955
109.01394711896222
109.23624702485515
108.46779609035886
108.29782337858403
107.73464516926802
106.44642353417912
105.4905129446776
105.10898043541481
105.49821833331278
105.537108657648
105.50098037727156
104.39881335681315
103.44431575475635
103.2148251431841
102.88405656451685
103.43907379228057
101.7332905093787
102.28849134479339
102.9801611641267
102.73791379650658
102.65147138971412
102.58084584798362
102.74320702536376
102.84502569263229
102.51644669641476
102.74122418104936
102.29999128827629
101.1479653066071
102.21481924173855
103.38883565353447
105.08189423972007
104.91232251968297
107.35829001316831
108.35077990919834
108.98809513491835
108.77656622923563
108.45289138653128
106.73513707405125
106.60831285927202
107.46319352576229
108.02231647031054
107.85106027176218
107.10452177410338
106.67543827894674
106.14491784084414
106.36362938860249
104.9677002142996
106.50234234775138
105.55234686677854
104.98307091484396
106.23620981235578
104.4251583962908
103.90676869871895
104.99206106712583
105.87746275567736
105.04051252678258
104.57158218710991
105.10797605117473
106.15772650948628
106.80452695539374
106.07665895916732
105.50477273920065
105.1477466487428
104.86454492620044
104.09658372611634
105.60239016197022
105.09427074829328
105.46707031131776
105.45651717309904
105.11446594484634
104.65529991889494
105.90014719378507
104.96512913960217
104.81734256155212
104.90442166203687
106.25482659022931
106.20833647681408
105.23268521715099
105.96230597333978
106.69973360505035
106.07032684973483
106.07122517994708
106.38448448599004
105.427835022756
104.04343481127243
105.31847836257027
107.13245687885909
108.3224758881288
108.55875608638084
108.83891013948737
109.36065274276389
111.12388508857337
112.44354851971553
112.5952430143854
110.57283071762222
111.56810888218921
110.4564966153408
112.19438820674453
112.30500036401477
112.8010245096679
113.57947013274493
114.93905288993165
113.32989498765528
113.6106617782013
113.5047706755961
112.85187535221759
113.53283681022597
113.64837699441244
113.73415519422768
113.48568989638459
114.24434539400346
114.382803173533
112.978306116558
112.22411797140035
114.49694494940947
115.24616021536272
114.67180349669471
116.94715185207325
115.48702803456304
114.77488362657039
114.31416385107843
113.04423966581076
113.39437346690447
114.05288182304238
114.60598900960733
115.74927234966225
115.46282896148308
116.30199443060167
118.51310970039599
116.36680386870067
116.49949698265094
116.86983800434682
117.36440774019631
117.96169432238113
117.49868272329947
117.19749391649239
117.21326333134039
119.71341510766146
119.51204474653042
118.9561579809221
118.35509893678362
117.75356367812216
117.66609113388719
117.63640302717137
119.12068612347151
119.96848216246974
120.06751252255879
121.11746361308761
121.04436946651388
120.93649706894476
120.08921231687185
119.9741288302418
118.92354470888378
118.49367225896155
118.80176973388902
117.44856776909707
117.86802536962108
117.91616360673619
115.26149777327468
116.83121582487391
116.23784318868437
117.69751623124043
119.20735859802492
119.41502975558255
120.34028929391943
121.45680964036079
121.22705575243828
120.89075462194039
121.43635987298258
121.77430492089117
123.20010609654318
124.289672546914
124.71916336186436
123.81667556381498
121.32634947620733
120.67346482179947
121.43460509931151
121.4899061109122
121.98355698802567
123.88644419903729
125.33949345731466
126.67998252095808
125.74504739075088
125.52907412893933
125.60288409126332
123.73436124342439
123.40435750557853
124.3374031519469
122.86899495428067
122.9986144507687
123.16376196298522
123.5505309565232
124.61165791285259
124.36286736565548
125.32581339575788
122.52073516730422
122.9910707062839
123.09285815513128
124.21867858076497
124.26517073352656
123.94312354546014
123.67318512813848
122.9959066069189
124.12225968797883
125.72143443650539